feature_id_id|bin_2months|committer_id|committer_neighbor_id|count
4942|8|135|16|8
5759|6|1219|720|3
3966|10|198|779|4
106|16|1|16|28
4372|9|563|5|5
6529|4|135|720|3
625|15|38|333|2
3592|10|93|780|1
278|16|30|29|2
7266|4|344|1442|16
7030|4|595|720|6
2823|12|10|16|2
5988|4|93|1010|35
5988|4|335|1010|35
5988|4|335|93|1
4265|8|315|422|8
5553|7|234|1124|3
3535|8|1011|205|1
6670|4|1191|1459|1
7592|3|1123|1425|3
6104|6|335|1171|11
6968|4|85|720|15
4386|7|98|720|2
4934|7|31|720|4
7999|3|847|720|6
5549|7|93|663|4
7968|3|1123|720|8
283|16|30|45|12
2524|12|93|68|16
5954|5|456|720|4
2453|12|520|545|2
2453|12|29|545|15
2453|12|520|29|30
3517|9|449|92|3
3517|9|449|109|9
3517|9|109|92|3
2046|11|109|92|1
2046|11|446|109|20
2046|11|109|66|1
2046|11|92|66|1
2046|11|446|66|20
2046|11|446|92|20
6300|5|31|720|3
2669|12|64|50|6
2669|12|50|5|6
2669|12|64|5|1
3711|10|449|66|9
231|16|31|6|2
6184|6|1418|720|4
337|16|349|6|5
6651|4|161|720|3
2316|12|16|56|2
8222|3|93|1481|1
2270|10|64|844|2
756|15|30|99|1
756|15|30|93|6
756|15|99|93|6
6511|4|330|720|20
6511|3|330|720|36
3947|10|626|595|4
4515|7|1054|720|4
4515|7|31|1054|16
4515|7|31|720|16
4515|6|31|720|8
817|15|31|79|12
5751|6|1374|720|7
7336|4|335|217|1
2391|12|30|177|6
499|15|99|280|9
6097|6|335|1171|11
50|16|31|6|11
8111|3|403|720|24
2830|12|6|64|8
847|15|30|476|28
2490|12|211|479|8
876|15|70|51|10
876|15|70|5|1
876|15|51|5|10
7359|4|161|720|2
5001|7|720|1114|6
79|16|72|70|132
6448|5|672|720|19
7269|4|31|720|4
6433|5|1332|1161|18
7271|4|6|1442|7
3902|10|742|246|6
3902|10|742|16|6
3902|10|246|16|1
1550|13|48|483|2
6971|4|1050|720|8
6577|5|1191|1458|26
6577|5|36|1191|13
6577|5|36|1458|2
5210|7|161|720|2
2589|12|28|390|1
2326|12|860|424|30
4660|8|31|720|1
7708|3|1571|489|8
6505|5|720|1448|8
1765|13|30|45|7
330|16|99|29|1
40|16|124|125|4
6384|5|456|720|15
381|16|378|222|8
1470|14|330|135|6
7524|3|93|1330|7
7524|3|644|93|28
7524|3|644|1330|4
500|16|99|29|10
500|16|36|99|10
500|16|36|29|1
7571|4|626|1168|1
1003|9|595|51|4
171|16|1|243|4
7571|3|626|1168|11
5574|6|897|720|2
5574|6|238|720|3
5574|6|1339|897|10
5574|6|1339|896|5
5574|6|238|897|6
5574|6|238|896|3
5574|6|1339|720|5
5574|6|238|1339|15
5574|6|896|897|2
5574|6|896|720|1
1286|14|6|68|2
833|15|30|161|2
3949|10|626|595|5
7300|4|663|57|45
7300|4|663|720|5
7300|4|57|720|9
5015|8|420|751|1
4223|10|109|31|2
7387|4|344|1442|20
7387|4|344|1010|20
7387|4|1442|1010|1
6535|5|161|720|4
4333|9|344|234|5
6585|5|596|720|4
7918|3|941|873|5
3491|10|30|161|25
6986|4|31|720|20
1711|13|375|5|3
7419|4|663|57|35
7419|4|663|720|21
7419|4|57|720|15
3028|11|968|47|3
3911|10|991|68|33
878|15|558|557|27
1815|13|357|211|4
1815|13|357|56|2
1815|13|211|56|2
627|16|99|29|8
627|16|36|99|4
627|16|36|29|8
1565|14|93|161|1
5879|5|161|720|4
5461|7|36|626|1
3829|10|6|744|6
7383|4|344|1010|15
8016|3|344|1442|5
4524|9|420|751|1
586|14|1|56|8
586|15|99|1|21
586|16|1|211|4
586|16|195|211|3
586|16|1|195|12
7300|3|663|57|26
7300|3|663|720|2
7300|3|57|720|13
7207|4|234|1431|3
5579|7|93|1171|26
2944|11|36|761|1
2944|11|626|761|12
2944|11|36|626|12
5156|8|161|720|1
5156|8|30|161|1
5156|8|30|720|1
3853|10|160|49|3
5397|6|356|720|2
5397|7|356|720|30
5966|6|234|1124|4
5966|6|335|1124|1
5966|6|335|234|4
6009|6|626|1120|3
8236|2|626|720|1
8236|2|1123|720|10
8236|2|626|1123|10
7561|3|626|1425|12
2323|13|10|66|6
5807|6|330|720|24
2872|12|10|16|1
7830|3|1347|1571|12
8466|2|1472|1573|8
596|16|36|64|2
5928|4|720|44|8
1128|13|136|29|8
5936|6|1241|720|11
3916|10|157|5|8
5794|7|1252|109|10
5794|7|1252|1080|4
5794|7|109|1080|10
4729|8|344|16|16
78|16|72|70|90
5777|5|31|720|4
6419|5|626|595|1
608|16|99|29|4
608|16|36|99|4
608|16|36|29|1
8232|3|344|1442|8
2081|13|285|535|12
7565|3|344|1442|3
8409|2|161|720|25
8409|2|30|161|10
8409|2|30|720|10
4284|8|131|720|55
4284|9|36|131|18
7346|4|663|57|24
7346|4|663|720|9
7346|4|57|720|24
663|13|109|467|10
7346|3|663|57|24
7346|3|663|720|2
7346|3|57|720|12
6587|4|6|720|1
1637|13|1|195|56
7985|3|1123|720|9
4521|9|344|36|4
633|16|99|29|10
610|16|99|29|4
610|16|36|99|4
610|16|36|29|1
6047|6|74|720|9
5471|7|147|720|1
5667|7|1171|16|6
7890|3|344|1442|114
5242|7|1191|720|10
2147|13|239|357|4
2147|13|357|211|1
2147|13|239|211|4
4757|8|344|16|16
624|16|36|215|1
6604|5|596|720|2
1838|13|99|56|44
1766|8|155|211|1
1762|13|454|280|18
1924|13|239|66|5
3971|7|750|720|1
3938|10|31|450|6
3938|10|449|109|25
3938|10|449|450|15
3938|10|109|31|10
3938|10|109|450|15
3938|10|449|31|10
5608|7|356|720|3
1574|14|55|56|2
2288|13|68|56|2
5293|7|720|1292|5
5523|7|31|626|4
1912|9|773|772|48
1912|9|652|772|6
1912|9|652|773|32
1105|13|520|29|2
1105|13|520|136|3
1105|13|136|29|6
640|15|186|47|7
5053|8|31|85|342
5053|8|449|85|342
5053|8|449|31|81
2501|12|449|66|56
3706|10|30|161|1
4166|9|456|411|2
7497|4|626|1168|2
43|16|30|128|2
43|16|30|129|3
43|16|30|130|1
43|16|128|129|6
43|16|130|128|2
43|16|130|129|3
3824|10|335|16|12
3824|10|93|64|23
3824|10|335|64|2
3824|10|93|16|138
3824|10|16|64|6
3824|10|335|93|46
5387|7|626|1148|3
2198|13|30|825|3
1567|14|93|161|1
1600|14|55|56|1
7263|4|720|44|8
6025|6|720|1114|12
2330|12|520|29|54
5646|6|147|720|4
5792|6|31|720|96
3718|10|1052|49|2
4680|4|663|57|32
4680|4|663|720|8
4680|4|57|720|16
5623|7|161|720|10
71|16|30|87|6
159|16|199|10|5
7350|3|6|1054|13
8468|2|344|335|1
6523|5|449|720|3
1213|15|6|64|2
5761|6|1219|720|3
5582|6|147|1310|14
5327|7|36|626|2
5505|7|663|720|6
5311|7|1205|720|6
5998|6|626|751|14
3091|11|36|626|5
5855|6|626|751|26
3850|10|16|429|72
3850|10|335|16|8
3850|10|335|429|9
3905|10|92|450|16
5790|5|1120|720|24
4727|9|553|16|2
819|15|31|79|11
5790|6|1120|720|7
7916|3|1595|720|2
8262|3|344|1442|7
1868|13|99|56|17
5582|7|147|1310|12
1575|14|55|56|2
3107|10|626|51|6
7714|3|490|489|1
818|15|31|79|22
7529|3|403|720|10
1628|13|716|423|2
1628|13|716|92|1
1628|13|92|423|2
6644|5|161|720|1
294|15|254|115|2
3965|9|31|450|4
1485|14|239|648|2
856|15|93|129|22
1110|15|30|16|2
8194|3|553|86|2
2378|12|310|5|1
137|16|30|226|2
2970|11|626|761|5
3903|10|31|92|1
3097|11|206|307|1
3097|11|206|462|1
3097|11|462|307|1
745|14|520|29|3
6755|4|595|720|18
8240|3|344|1442|9
4541|6|107|720|60
4054|10|93|16|5
7013|4|1205|720|6
3132|11|211|56|2
6511|5|330|720|10
8460|2|1573|1459|80
7344|3|449|720|42
3239|11|98|835|4
125|16|6|118|10
1753|13|6|663|2
203|16|271|56|18
1221|14|444|239|2
7605|3|1457|564|3
7605|3|1457|1409|4
7605|3|1409|564|12
3847|10|16|429|117
7242|4|344|1442|14
5292|7|93|16|6
1483|14|45|40|2
6820|4|161|720|18
5403|7|31|626|6
63|16|170|169|4
8013|3|344|1442|5
4213|10|93|16|1
2628|12|93|68|14
2542|12|449|66|120
7386|4|344|1442|20
7386|4|344|1010|20
7386|4|1442|1010|1
5467|7|720|1114|4
8250|3|344|1442|8
7009|4|595|720|4
5399|7|203|1310|1
5399|7|1310|720|1
5399|7|147|1310|1
5399|7|203|720|1
5399|7|147|203|1
5399|7|147|720|1
6054|6|751|720|4
6413|5|449|720|1
1203|14|28|390|3
12|16|51|5|10
2630|12|520|29|2
2630|11|520|595|8
6203|6|161|720|4
8369|2|1001|720|8
5918|6|519|720|3
5918|5|519|720|6
3844|9|335|429|21
736|15|370|517|1
2682|12|761|5|2
7081|4|31|720|8
4084|6|720|1114|26
4084|7|720|1114|6
1441|14|66|47|3
7536|4|344|1442|4
7446|3|1409|564|8
7730|2|750|720|1
696|14|77|483|1
1545|14|30|5|3
8248|3|344|1442|6
6765|4|596|720|5
1766|11|155|211|6
2985|10|449|31|4
1766|13|211|5|2
1766|13|56|5|1
1766|13|357|211|4
1766|13|357|5|2
1766|13|357|56|2
1766|13|211|56|2
3904|10|31|92|9
3904|10|31|450|6
3904|10|92|450|6
7264|4|976|720|8
4145|9|1128|1129|2
2341|11|28|390|36
2341|12|28|390|20
2246|12|1|56|23
6120|6|186|49|14
6120|6|234|49|5
6120|6|234|186|70
6120|5|234|186|8
1479|14|339|177|5
6856|4|161|720|25
5115|7|720|1114|5
122|16|6|133|1
5156|7|161|720|2
541|16|30|304|3
8290|3|344|1442|2
5592|7|31|335|60
1034|15|30|16|3
5115|8|720|1114|5
5592|3|31|1344|10
1576|14|55|56|2
3676|10|6|595|12
7239|3|644|93|32
5106|8|596|720|6
613|16|36|29|1
6509|5|234|49|8
2966|10|31|92|4
3661|10|1042|1041|16
1638|13|1|195|45
6110|6|449|720|4
5417|7|31|720|2
717|15|109|462|2
3938|9|449|92|5
3938|9|449|109|25
3938|9|109|92|5
2658|12|64|68|9
6584|5|1205|720|18
88|16|72|70|228
5265|7|135|720|6
7146|4|31|85|32
5709|6|1219|720|3
6421|5|456|720|3
8021|3|161|720|15
7146|3|31|85|154
2665|11|30|161|2
4300|9|438|5|4
2665|12|30|7|3
39|16|120|121|32
3877|10|191|405|3
6118|6|186|49|13
6118|6|234|49|6
6118|6|234|186|78
6998|4|356|720|4
4060|10|68|1116|2
6118|5|234|186|18
3832|10|553|626|15
5762|6|1219|720|4
5609|7|131|720|6
2934|11|98|835|9
5640|7|211|51|12
5640|7|279|211|4
5640|7|279|51|3
1573|14|55|56|2
4680|3|663|57|24
4680|3|663|720|4
4680|3|57|720|24
6639|5|1205|720|8
5621|5|161|720|4
5621|5|30|161|4
5621|5|30|720|1
5621|6|161|720|6
5621|7|161|720|4
53|16|30|155|2
5927|6|975|49|1
5927|6|975|965|4
5927|6|965|49|4
4822|7|1191|720|12
8422|2|1635|49|9
4399|9|254|115|5
8015|3|344|1442|5
523|16|30|6|3
719|15|186|72|4
719|15|186|50|8
719|15|72|50|32
5578|7|93|1171|16
3846|9|335|429|24
7870|3|344|1442|12
8024|3|403|720|9
1673|5|519|720|12
5628|7|93|1171|26
6425|5|217|720|1
1682|13|239|10|4
3263|11|462|307|1
8029|3|344|1442|6
7035|4|85|450|54
7035|4|31|450|27
7035|4|31|85|18
3625|10|44|40|2
5924|6|1259|720|4
1553|14|358|483|2
5453|6|720|1114|18
4007|10|335|16|6
4007|10|93|16|36
4007|10|335|93|24
3641|9|254|115|4
1148|14|6|16|2
2607|12|64|68|11
6834|4|356|720|3
7430|2|161|720|40
7430|2|30|161|32
7430|2|30|720|20
7430|3|161|720|190
7430|3|420|720|10
7430|3|161|420|19
979|15|198|5|6
3452|10|31|201|2
7874|3|344|1442|48
7430|4|161|720|2
398|16|209|386|4
6142|6|720|1364|32
740|16|30|68|1
1313|13|668|258|3
5689|6|161|720|38
5211|7|1252|31|15
4074|7|31|720|6
3113|11|28|761|7
7312|2|1400|720|4
945|14|239|29|8
7388|4|344|1442|23
1715|13|30|51|3
7695|3|161|720|1
282|16|6|45|4
7511|4|6|1537|1
6204|6|161|720|4
7251|4|344|1442|15
7547|3|788|720|8
5427|7|1268|1316|4
5991|6|31|720|5
7428|4|663|57|54
3072|10|109|31|36
4507|8|36|1024|21
1028|15|599|136|3
4507|9|93|1024|14
4002|8|596|313|4
5902|6|1396|720|5
4343|9|1157|563|2
2091|13|390|626|2
7917|3|6|1332|12
3189|10|98|835|7
3846|10|16|429|210
1178|14|239|29|4
5294|6|1191|1221|24
2643|12|28|390|2
2673|12|449|66|20
7377|4|344|1010|15
5562|6|1177|869|28
5562|7|1177|1334|11
7498|3|626|1168|11
1473|13|68|287|1
270|16|6|304|1
5375|7|6|383|3
2445|12|456|61|2
2445|12|456|68|1
2445|12|61|68|2
5818|6|1386|1385|6
3721|10|157|49|14
3856|10|335|16|6
3856|10|93|64|20
3856|10|335|64|2
3856|10|93|16|60
3856|10|16|64|3
3856|10|335|93|40
2366|12|626|5|4
2366|11|626|761|1
8523|2|344|1442|18
1633|13|49|479|3
5571|7|31|720|33
1841|13|99|56|2
2389|11|520|595|8
5857|5|495|1391|3
4006|10|335|16|6
4006|10|93|16|39
4006|10|335|93|26
5419|7|161|720|1
1602|14|55|56|1
3061|11|279|848|2
2660|12|64|68|9
5704|7|6|1171|2
7420|3|663|57|49
7565|4|344|1442|4
1642|13|93|68|1
1642|13|93|64|4
1642|13|107|68|1
1642|13|107|93|1
1642|13|64|68|4
1642|13|107|64|4
7420|4|663|57|40
7420|4|663|720|16
7420|4|57|720|10
7864|3|975|720|6
7864|3|975|186|6
7864|3|186|720|1
1590|13|66|155|1
2584|12|64|68|13
2566|12|279|761|12
1221|13|239|29|12
7470|4|107|1488|13
7745|3|595|720|2
5411|7|147|1312|1
3871|9|975|362|24
3871|9|246|975|1
3871|9|246|362|24
2661|12|64|68|9
983|15|30|16|8
6055|6|720|1364|33
8120|3|720|479|14
6536|5|161|720|6
8005|3|595|720|4
3869|9|31|450|4
1180|8|645|644|1
2645|12|93|68|14
4239|10|449|31|1
111|13|201|200|2
1253|15|654|655|2
2593|12|64|68|13
7235|4|31|451|70
3841|10|31|450|6
3830|7|147|720|14
1900|13|1|16|6
2523|12|93|68|14
3830|8|147|720|2
7097|4|31|720|3
5008|8|31|85|252
5008|8|449|85|396
5008|8|449|31|77
682|13|30|45|8
631|16|99|29|14
4032|10|595|761|4
7402|4|344|1442|44
4750|9|64|5|2
7498|4|626|1168|1
5548|6|31|720|88
5548|7|31|720|36
1793|12|745|264|2
1793|12|745|305|4
1793|12|264|305|2
1793|13|745|92|4
7152|3|753|720|2
3066|11|36|761|8
5760|6|1219|720|3
7296|3|161|720|27
7296|3|195|720|3
7296|3|195|161|9
2150|12|383|251|2
2019|13|36|793|5
5080|8|596|720|4
4741|9|779|895|6
7406|4|6|1467|6
1912|8|773|772|4
6282|5|458|720|8
5036|8|1258|186|4
4268|9|449|66|8
3544|10|1014|1013|1
7860|3|1471|1459|4
7860|3|1471|1361|2
7860|3|1459|1361|8
5179|8|645|644|1
5929|6|720|1364|8
427|16|36|157|6
4919|8|344|16|17
1905|13|520|545|3
1905|13|29|545|3
1905|13|520|29|1
7692|3|344|1442|285
7296|4|161|720|6
7154|4|34|305|16
2988|11|93|56|7
1798|13|357|211|4
1798|13|357|56|2
1798|13|211|56|2
3072|6|31|356|7
3072|6|356|720|1
3072|6|31|720|7
2540|12|449|66|56
2623|12|45|40|16
4758|8|344|16|18
2567|12|809|5|2
2843|12|198|895|2
1205|14|520|545|3
1205|14|239|545|3
1205|14|520|239|1
3826|10|335|16|12
3826|10|93|64|23
3826|10|335|64|2
3826|10|93|16|138
3826|10|16|64|6
3826|10|335|93|46
7523|3|1467|846|6
6829|4|1120|720|14
8431|2|344|93|18
2608|10|595|844|4
3498|10|449|66|2
2608|12|29|844|8
1993|13|1|49|7
1368|14|30|161|33
1368|14|16|161|11
1368|14|30|16|3
7551|3|93|1330|14
7551|3|644|93|56
7551|3|644|1330|4
4600|8|344|16|13
2025|13|45|5|8
3821|10|335|16|12
3821|10|93|64|22
3821|10|335|64|2
3821|10|93|16|132
3821|10|16|64|6
3821|10|335|93|44
6832|4|31|6|2
6095|6|335|1171|10
7385|4|344|1442|17
7385|4|344|1010|17
7385|4|1442|1010|1
1415|14|30|60|2
5649|6|788|720|1
3487|10|835|40|8
3487|10|44|40|6
3487|10|835|44|12
4754|9|595|16|4
1113|13|627|285|2
3867|10|16|429|10
3867|10|335|16|2
3867|10|335|429|5
5217|7|720|1114|21
5217|6|720|1114|5
6214|6|6|401|1
3820|10|335|16|12
3820|10|93|56|24
3820|10|93|64|24
3820|10|335|64|2
3820|10|93|16|144
3820|10|335|56|2
3820|10|16|56|6
3820|10|16|64|6
3820|10|64|56|1
3820|10|335|93|48
8424|2|335|1344|38
8424|2|335|1636|5
8424|2|1344|1636|190
4453|9|191|36|5
4453|9|36|405|3
4453|9|191|405|15
1681|14|195|47|6
600|15|239|29|4
7314|4|356|720|2
2931|11|98|835|7
5975|5|720|1114|1
2439|10|93|16|1
3392|11|30|157|6
7192|4|1252|1484|3
6078|6|720|1114|12
4278|9|449|66|5
6202|5|161|720|28
4131|9|31|92|13
4131|9|31|450|1
4131|9|92|450|13
7919|3|525|720|3
1326|14|6|140|2
1326|14|92|140|2
1326|14|6|92|1
1823|13|520|29|5
177|16|30|6|1
4242|9|265|844|36
1318|14|29|56|3
634|16|30|29|2
2704|11|520|29|2
7967|3|1123|720|6
6414|3|1120|720|39
3901|10|742|246|6
3901|10|742|16|6
3901|10|246|16|1
4242|6|1140|1141|30
4521|8|344|16|10
4981|8|31|401|1
6686|5|449|720|3
2842|11|93|135|3
1784|12|128|637|14
1970|13|6|66|20
1970|13|31|66|20
1970|13|31|6|1
8121|3|750|720|3
2602|12|1|56|17
6206|5|234|186|16
6206|6|186|49|9
6206|6|234|49|3
6206|6|234|186|27
2037|13|626|45|8
2037|13|626|5|2
2037|13|45|5|4
1815|11|357|211|6
3865|10|335|16|6
3865|10|93|64|18
3865|10|335|64|2
3865|10|93|16|54
3865|10|16|64|3
3865|10|335|93|36
5793|6|31|720|30
77|16|72|70|90
4246|9|989|429|96
5752|7|31|720|42
5752|6|31|720|162
3909|10|28|390|3
989|15|594|49|1
3399|11|109|31|5
3399|11|446|31|5
3399|11|446|109|1
3844|10|16|429|66
5364|7|655|784|12
5374|7|93|1079|5
5374|7|93|201|1
5374|7|201|1079|5
143|16|6|161|4
143|16|6|55|18
143|16|161|55|18
6645|5|161|720|1
5143|7|147|720|9
5879|6|161|720|15
7287|4|6|1442|7
8080|3|1605|1562|8
1728|13|239|648|1
4051|10|68|1116|4
1761|13|28|198|1
2233|13|1|49|8
8106|3|1347|720|6
5016|8|36|383|4
7132|4|16|1442|6
1840|13|99|56|1
686|15|261|476|55
2860|11|36|761|1
2860|11|626|761|11
2860|11|36|626|11
660|16|36|463|2
2223|13|93|56|1
5627|7|93|1171|22
2132|12|254|115|7
2223|10|93|16|2
1275|13|66|49|3
1275|13|131|66|51
1275|13|131|49|17
8249|3|344|1442|9
5147|7|1252|710|11
5147|7|710|85|11
5147|7|1252|85|1
5147|7|85|720|1
5147|7|1252|720|1
5147|7|710|720|11
6764|4|869|720|8
937|15|573|572|9
3310|11|341|389|7
3988|10|761|5|12
3988|10|390|761|12
3988|10|390|5|1
6305|5|147|401|1
5483|6|720|1114|120
7733|3|595|720|6
5147|8|31|85|54
2646|12|449|66|35
5800|7|31|720|5
41|16|72|70|15
7901|3|344|1442|104
3898|10|28|390|26
3898|10|390|198|13
3898|10|28|198|2
1814|13|29|5|16
2285|12|29|761|5
2974|11|36|761|1
2974|11|626|761|12
2974|11|36|626|12
3795|10|6|422|21
448|16|93|10|4
5633|3|330|1219|38
6821|4|161|720|12
4451|9|36|56|1
4451|9|36|1024|22
4451|9|56|1024|22
1106|13|520|29|2
3144|10|976|44|6
5941|6|234|1124|12
7673|3|1442|57|5
8008|3|1123|720|10
5512|7|1252|720|28
1514|14|55|56|12
5564|7|1252|49|5
5211|8|31|85|8
3463|10|109|31|36
7403|4|344|1442|38
925|15|16|155|4
7|16|9|47|4
7|16|9|46|16
7|16|46|47|4
6813|4|161|720|12
4393|7|31|720|1
2202|13|6|177|2
2202|13|177|412|14
2202|13|6|412|7
5945|6|1120|720|2
4393|8|31|720|8
2270|13|663|56|6
6099|6|335|1171|12
7228|4|344|1442|11
5680|6|161|720|9
7136|4|16|1442|8
3926|10|626|51|2
7968|2|626|720|1
7968|2|1123|720|5
7968|2|626|1123|5
2397|12|128|637|12
2987|11|93|56|3
2608|11|520|595|6
2556|12|171|5|1
2556|12|463|5|1
2556|12|171|463|1
5858|6|595|51|85
3906|9|31|450|4
1700|13|642|727|45
7359|3|161|720|1
8261|3|344|1442|7
4133|10|1|161|2
6162|6|93|92|4
3593|10|93|595|2
7522|3|93|1330|6
2594|12|64|68|13
172|16|30|16|4
1431|14|195|16|4
1431|14|30|195|2
1431|14|30|16|2
857|15|93|129|16
4455|8|36|1024|20
4455|9|36|56|1
4455|9|36|1024|28
4455|9|56|1024|28
8499|2|6|720|18
7757|3|107|720|7
5526|7|85|720|1
2271|13|36|663|5
672|16|99|29|27
3798|10|626|595|2
7844|3|490|489|10
3830|10|16|5|3
3830|10|6|5|3
3830|10|6|147|1
3830|10|147|16|1
3830|10|6|16|1
3830|10|147|5|3
1163|14|128|537|4
151|16|56|50|8
4051|7|720|1114|6
6573|5|449|720|39
407|16|30|29|2
1163|13|637|638|33
5205|7|1281|1282|1
430|16|30|93|8
6997|4|135|720|2
7211|4|34|305|3
4083|9|31|450|4
7969|3|1123|720|6
4775|9|779|895|3
6145|5|1060|1177|5
2098|13|211|223|4
2098|13|211|5|1
2098|13|223|5|4
6321|3|553|720|10
4335|9|390|895|8
682|15|30|45|5
2184|12|29|51|1
4053|10|93|16|9
658|15|462|117|3
6377|5|147|1310|14
6377|5|147|720|2
6377|5|1310|720|7
1863|13|29|5|14
5975|6|720|1114|70
1212|13|136|545|12
1212|13|29|545|4
1212|13|136|29|3
5768|7|335|1171|5
5398|7|234|16|5
820|15|31|79|18
3986|10|98|835|10
7638|3|1442|479|11
2054|13|195|59|10
1004|14|29|51|3
3864|6|39|305|20
4297|8|495|720|9
6394|5|344|720|3
976|9|584|454|30
6087|6|720|1114|6
1060|15|30|66|5
2430|12|16|761|1
1551|13|80|60|5
1601|14|55|56|1
5106|7|596|720|2
6987|4|161|720|12
3845|9|335|429|20
6798|4|161|720|27
4051|6|720|1114|25
7006|4|31|720|2
8237|3|344|1442|8
7254|4|31|720|6
6766|4|161|720|18
4452|9|36|56|1
4452|9|36|1024|24
4452|9|56|1024|24
6594|4|1461|763|2
7021|4|553|720|1
7502|3|1435|720|24
7502|4|1435|720|2
1022|7|16|601|6
850|15|36|161|5
6578|5|1409|1460|2
7427|4|595|720|6
5625|7|161|720|5
3827|10|335|16|12
3827|10|93|64|23
3827|10|335|64|2
3827|10|93|16|138
3827|10|16|64|6
3827|10|335|93|46
7277|4|720|44|14
4997|8|36|517|2
5542|7|720|1114|20
7245|4|93|1010|9
7245|4|335|1010|9
7245|4|335|93|1
7937|3|335|403|1
2926|11|517|808|5
5571|6|31|720|30
8105|3|975|720|3
4087|9|31|92|15
4087|9|31|450|1
4087|9|92|450|15
1031|10|603|483|3
1031|10|68|603|1
1031|10|68|483|3
2364|13|36|663|1
5981|6|279|517|30
5981|6|279|720|10
5981|6|517|720|3
8067|3|1468|720|18
7078|4|1316|1325|8
6988|4|335|720|3
7429|4|663|57|24
7429|4|663|720|6
7429|4|57|720|4
7984|3|441|720|3
5257|7|161|720|32
2232|13|1|49|8
6227|6|788|720|6
7312|4|1491|1400|12
3929|10|198|779|1
5642|6|161|720|12
4852|7|663|720|6
3185|11|462|307|9
3089|11|36|335|4
3089|11|335|1|20
3089|11|36|1|5
3948|10|626|595|28
7347|4|1493|1536|2
4969|8|195|16|6
5916|6|234|1124|8
4276|9|449|66|12
3848|10|16|429|102
7295|3|161|720|15
8148|3|626|1425|4
1026|13|520|136|4
7295|4|161|720|1
445|16|99|161|6
445|16|29|161|12
445|16|30|29|8
445|16|99|29|2
445|16|30|99|4
445|16|30|161|24
1931|12|68|211|44
1931|12|357|211|4
1931|12|68|56|22
1931|12|68|357|11
1931|12|357|56|2
1931|12|211|56|8
1931|13|68|211|4
1931|13|68|56|2
1931|13|211|56|2
1158|15|6|181|1
1931|11|68|211|8
7094|4|31|16|1
673|16|99|29|8
673|16|29|5|4
673|16|99|5|2
7985|2|626|720|1
7985|2|1123|720|8
7985|2|626|1123|8
4339|8|31|720|5
5574|7|335|238|44
2755|12|93|68|8
3244|11|6|49|1
4137|10|449|66|6
4550|6|31|720|77
4550|7|31|720|4
2624|12|1|56|14
8006|3|1523|1597|7
8006|3|335|1523|7
8006|3|1310|1597|2
8006|3|335|1310|2
8006|3|1310|1523|14
8006|3|335|1597|1
1084|15|6|16|5
4339|7|31|720|4
2621|12|390|172|1
3019|11|45|40|5
670|13|30|45|9
2394|12|10|16|3
101|16|10|16|2
5532|7|31|720|20
7054|4|1332|720|4
6640|4|595|720|3
1104|13|520|29|3
1104|13|520|136|1
1104|13|136|29|3
2337|9|806|305|20
5028|8|383|720|7
7272|4|1050|720|2
3484|10|315|422|5
3964|10|626|51|5
3964|10|51|5|5
3964|10|626|5|1
2149|13|72|56|7
8021|2|161|720|4
1625|13|714|68|1
1625|13|714|45|1
1625|13|68|45|1
2428|12|254|115|1
670|15|30|45|4
7197|4|644|844|4
5022|8|36|1029|2
7171|3|1001|720|8
7554|3|93|1330|15
7554|3|644|93|60
7554|3|644|1330|4
4728|8|344|16|14
6202|6|161|720|4
6895|4|750|720|3
395|16|30|16|1
6518|5|234|49|6
7419|3|663|57|60
7419|3|663|720|12
7419|3|57|720|20
3863|10|335|16|6
3863|10|93|64|19
3863|10|335|64|2
3863|10|93|16|57
3863|10|16|64|3
3863|10|335|93|38
2599|11|520|595|6
1595|14|6|93|3
6361|5|6|1143|3
3982|10|51|5|6
3070|10|109|31|36
4019|10|341|668|1
425|16|389|59|1
3845|10|16|429|78
4778|9|779|895|2
8421|2|1573|1406|12
769|14|16|61|25
7550|4|93|1330|8
7550|4|1330|720|2
7550|4|93|720|4
5087|8|131|720|2
4493|7|441|155|98
1319|14|29|56|3
1424|14|275|5|2
4601|9|254|115|1
6232|5|161|720|18
5087|7|131|720|12
8257|2|161|720|48
8257|2|30|161|48
8257|2|30|720|36
8257|3|161|720|8
4285|9|36|1024|6
7429|3|663|57|42
1763|13|454|280|24
8241|3|344|1442|9
3869|10|31|92|8
3869|10|31|450|18
3869|10|92|450|36
2736|11|16|47|3
6100|6|335|1171|12
6044|6|626|751|12
259|16|29|225|4
259|16|161|225|1
259|16|30|225|1
259|16|29|161|4
259|16|30|29|4
259|16|30|161|1
718|14|341|16|2
1011|13|136|29|10
718|11|495|496|2
2859|11|36|761|1
2859|11|626|761|10
2859|11|36|626|10
718|13|495|16|30
8075|3|161|720|3
2390|12|10|226|12
4329|9|344|165|2
6203|5|161|720|20
2207|12|831|226|2
2207|12|832|831|28
2207|12|832|226|14
2361|12|663|64|7
2361|13|36|663|1
3463|6|31|356|6
3463|6|356|720|1
3463|6|31|720|6
4258|9|449|66|48
3673|10|30|161|4
6150|5|1120|720|24
6369|5|161|720|6
7463|4|644|335|1
6977|4|6|751|7
5755|4|553|1378|18
5755|5|36|553|3
3609|10|44|45|1
3609|10|44|40|1
3609|10|45|40|1
6155|6|720|1364|6
739|15|518|476|96
7871|3|344|1442|48
5456|5|356|720|16
5456|6|356|720|3
5363|6|626|720|1
3823|10|335|16|12
3823|10|93|64|23
3823|10|335|64|2
3823|10|93|16|138
3823|10|16|64|6
3823|10|335|93|46
3358|11|188|49|2
7762|2|750|720|8
7558|3|275|1562|6
6358|5|1120|720|15
5035|5|186|720|1
7762|3|750|720|40
5418|7|720|1114|8
3484|9|315|422|7
5203|7|147|720|1
5035|8|1258|186|4
3535|10|519|844|4
3535|10|1012|519|2
3535|10|1012|844|2
3814|10|172|201|1
3143|11|626|761|1
6583|5|87|1219|2
3517|10|449|109|5
3517|10|109|31|60
3517|10|449|31|12
7742|3|1465|720|5
1916|13|1|56|13
2399|12|742|254|4
2389|12|520|29|10
1022|14|1|64|27
5025|7|147|720|24
533|16|30|50|16
7224|4|644|161|18
4635|8|1|155|1
4635|9|1|155|1
4162|9|553|45|32
348|13|135|359|8
6111|6|1388|720|1
4930|8|85|450|52
4930|8|449|85|143
4930|8|449|450|44
8032|3|1010|720|1
6096|6|335|1171|10
7881|3|403|720|4
7321|4|1533|911|2
3598|10|93|1006|22
3919|10|626|595|6
6229|6|456|751|5
1343|14|6|66|1
4136|7|720|1114|6
737|16|6|5|2
1867|13|99|56|34
7298|4|6|1442|8
4284|7|131|720|3
5318|7|135|720|4
8101|3|1123|720|6
7403|3|344|1442|2
2102|13|36|239|4
3596|10|45|40|1
3604|10|500|1024|50
6430|5|1310|720|1
7709|3|344|1442|22
7177|3|1252|720|23
2237|13|99|1|8
7891|3|344|1442|216
3338|6|519|720|2
7889|3|344|1442|108
2087|13|6|804|2
5614|6|1334|468|6
5614|6|869|1334|15
5614|6|1177|1334|6
5614|6|869|468|90
5614|6|1177|869|90
5614|6|1177|468|36
3112|11|396|479|5
7559|3|93|1330|25
7559|3|644|93|100
7559|3|644|1330|4
5081|8|31|85|270
5081|8|449|85|210
5081|8|449|31|63
4510|9|344|36|4
8447|2|1468|589|42
8447|2|589|720|2
8447|2|1468|720|21
492|16|30|161|24
760|15|30|60|3
8105|2|975|720|16
8386|2|161|720|24
7407|3|788|720|14
3907|10|991|68|42
2448|12|94|384|77
6119|6|186|49|14
6119|6|234|49|6
6119|6|234|186|84
6119|5|186|49|8
6119|5|234|49|24
6119|5|234|186|48
7084|4|1205|720|15
7439|3|1347|720|12
3936|10|626|51|2
4127|9|30|161|20
6706|5|1478|808|2
572|16|6|51|1
572|16|30|51|1
572|16|30|6|1
2275|12|1|56|23
5614|7|869|720|4
5614|7|1177|720|2
5614|7|468|720|2
5614|7|869|468|8
5614|7|1177|869|8
5614|7|1177|468|4
7397|4|626|595|3
2599|12|520|29|10
7107|3|161|720|8
5695|6|335|1171|6
769|15|16|61|10
7107|4|161|720|21
1345|14|6|280|2
7288|4|6|1442|7
389|16|349|59|1
3882|10|449|66|8
8423|2|161|720|1
5997|6|626|751|14
1316|14|520|239|28
1316|14|520|56|4
1316|14|239|648|7
1316|14|520|648|4
1316|14|648|56|1
1316|14|239|56|7
5453|7|720|1114|16
6211|6|720|1364|2
109|16|1|16|26
3974|10|991|68|27
8518|2|30|720|24
1499|14|135|16|2
6670|3|1472|1471|33
6670|3|1191|1472|11
6670|3|1191|1471|3
7364|3|663|57|84
3194|11|28|390|5
6195|6|458|720|6
6221|5|720|1114|6
4510|8|344|16|10
5600|6|31|720|38
4429|8|109|31|2
5039|8|1258|1259|20
5039|8|1258|186|2
5039|8|186|1259|10
4148|9|31|92|14
4148|9|31|450|1
4148|9|92|450|14
374|16|106|40|3
1011|14|599|239|1
1011|14|599|136|2
1011|14|239|136|2
8092|3|750|720|4
7069|4|1205|720|5
1138|13|313|161|12
1138|14|313|49|1
3928|10|991|68|33
7939|3|335|751|5
5155|8|279|720|4
6160|6|161|720|8
7139|4|10|16|1
6243|6|720|1114|2
6050|6|1080|720|14
5085|7|1252|85|26
5085|8|31|450|18
5085|8|66|720|1
5085|8|450|66|2
5085|8|85|720|35
5085|8|450|720|2
5085|8|85|450|70
5085|8|31|85|315
5085|8|449|450|18
5085|8|449|66|9
5085|8|31|66|9
5085|8|449|720|9
5085|8|85|66|35
5085|8|449|85|315
5085|8|449|31|81
5085|8|31|720|9
889|15|93|16|8
7875|3|344|1442|133
2518|12|64|68|14
8038|3|161|720|1
7600|3|716|217|11
7465|4|195|383|5
3918|10|626|595|5
4851|7|663|720|6
4998|8|36|563|4
6052|6|93|1171|2
6553|5|596|720|9
2476|12|29|545|36
496|14|417|215|4
8427|2|403|720|5
2509|12|456|68|5
6740|5|344|720|1
3878|10|449|66|1
4430|9|254|115|2
4404|7|98|720|24
6320|3|519|720|10
7413|4|31|897|6
3447|9|449|31|12
8348|2|161|720|6
7365|3|663|57|42
7365|3|663|720|6
7365|3|57|720|7
1421|14|157|56|5
6976|4|6|751|37
6080|5|589|720|2
5118|6|750|1031|4
7365|4|663|57|48
7365|4|663|720|16
7365|4|57|720|12
2662|12|93|68|12
8430|2|344|93|22
7572|3|1347|720|30
4310|9|191|36|9
4310|9|36|405|5
4310|9|191|405|45
52|16|38|96|17
5001|8|720|1114|4
6664|5|161|720|5
7355|4|107|1488|12
3071|7|356|720|6
3071|6|356|720|14
3945|10|668|316|1
1004|9|595|51|20
7129|4|1120|720|7
8042|3|720|47|9
5591|7|31|335|6
7590|3|449|720|4
7887|3|36|22|15
8155|3|36|489|7
3908|10|991|68|51
3908|10|991|5|3
3908|10|68|5|17
8030|3|344|1442|32
3822|10|335|16|12
3822|10|93|64|21
3822|10|335|64|2
3822|10|93|16|126
3822|10|16|64|6
3822|10|335|93|42
896|15|558|557|4
896|15|557|66|1
896|15|558|66|4
5015|7|751|720|4
5015|6|751|720|2
4875|8|449|36|3
5956|6|31|720|2
3952|10|991|68|45
6378|4|330|720|20
6378|5|330|720|40
1003|14|29|51|3
6378|3|330|720|16
512|16|106|36|1
3965|10|92|450|6
5325|7|663|720|4
4839|9|254|115|5
2709|12|520|29|4
3087|10|44|40|4
6928|4|720|473|6
6470|5|1171|751|3
7905|3|161|720|2
1041|14|55|45|2
5691|6|696|720|2
7250|4|344|1442|14
7594|3|750|720|20
5689|7|161|720|75
7948|3|1348|720|2
2675|12|99|211|9
2467|12|128|537|16
7284|4|217|720|30
5470|7|31|85|6
5470|7|85|720|3
5470|7|31|720|2
2845|11|36|761|2
2845|11|626|761|18
2845|11|36|626|9
5331|7|161|720|2
6600|5|589|720|2
7109|3|161|720|15
1373|13|177|51|3
7730|3|750|720|102
7185|4|644|720|6
7185|4|161|720|6
7185|4|644|161|9
1577|14|55|56|2
5794|6|109|1080|10
7853|3|36|403|10
7853|3|36|720|3
7853|3|403|720|30
8141|3|595|1614|2
2283|13|68|56|2
2659|12|64|68|9
8097|3|341|720|1
2396|12|128|637|8
4074|6|31|720|49
804|15|129|537|90
7451|3|753|720|14
5581|7|147|1310|8
5581|7|147|720|4
5581|7|1310|720|2
5581|6|147|1310|7
306|16|338|77|11
7002|4|161|720|6
5636|6|1219|720|3
439|16|1|399|10
7897|3|553|720|2
4749|9|595|16|6
2286|13|36|663|4
7105|3|161|720|49
1057|14|465|56|10
4060|6|720|1114|12
8103|3|403|720|10
7479|3|663|57|60
7479|3|663|720|10
7479|3|57|720|6
518|16|36|64|8
2229|13|6|570|7
7105|4|161|720|20
6473|5|1001|720|7
5595|7|335|1171|4
7479|4|663|57|12
8408|2|441|36|14
4384|7|98|45|2
5037|8|1258|1259|36
5037|8|1258|186|3
5037|8|186|1259|12
6073|6|305|720|17
4858|7|663|720|6
2500|11|462|307|5
3739|10|745|171|2
2843|10|947|895|2
6672|5|595|720|2
8107|2|1608|1607|10
8107|2|1608|720|2
8107|2|1607|720|5
8107|3|1607|720|2
8107|3|1609|1607|8
8107|3|1609|720|4
4265|9|315|422|6
320|11|344|195|2
320|16|195|51|3
486|16|36|329|1
4787|9|420|751|1
496|16|36|215|2
710|16|30|6|2
3503|10|6|68|28
6819|4|161|720|15
1023|14|109|30|6
1023|15|109|30|7
3899|10|28|390|8
1186|14|239|648|2
6364|5|147|1310|4
1866|13|99|56|34
8014|3|344|1442|5
3799|10|16|563|15
2060|13|1|56|11
2337|10|806|305|10
3141|11|520|595|45
5410|7|85|720|4
6513|5|161|720|5
7306|3|93|1330|17
7306|3|644|93|34
7306|3|644|1330|2
8450|2|344|1604|13
3905|9|31|450|4
4188|9|93|64|10
3914|10|28|390|5
4755|9|6|89|1
1267|14|6|76|6
8052|3|403|720|5
7428|3|663|57|30
6049|5|519|720|3
649|15|441|211|10
6204|5|161|720|18
6549|5|16|672|12
609|16|99|29|20
609|16|36|99|5
609|16|36|29|4
975|15|454|56|2
3071|10|109|31|36
4396|9|341|844|2
4426|6|1171|1039|2
4253|9|141|688|15
6227|5|458|788|8
683|15|357|211|2
495|16|36|215|2
3906|10|92|450|12
7364|4|663|57|56
7364|4|663|720|24
7364|4|57|720|21
5771|6|751|720|7
2228|13|1|251|3
250|16|6|1|4
7248|3|663|57|18
3628|10|201|203|4
5483|7|720|1114|24
5903|6|335|165|6
3993|9|1|161|34
1302|14|6|16|1
3683|9|254|115|2
6297|6|234|186|6
977|15|68|307|8
1039|13|155|5|9
1039|13|93|155|9
1039|13|93|5|1
6297|5|234|186|2
1039|15|30|56|3
1039|15|16|155|3
1039|15|16|56|3
1039|15|30|155|3
1039|15|155|56|9
1039|15|30|16|1
4406|9|254|115|2
7248|4|663|57|176
7248|4|663|720|22
7248|4|57|720|32
2729|12|93|68|8
6583|4|1219|720|9
6117|6|6|753|2
6583|3|330|1219|38
6559|5|1453|844|10
4060|7|720|1114|6
2824|11|626|761|12
6779|5|161|720|3
6779|4|161|720|6
3070|6|356|720|9
3070|7|356|720|2
7958|3|941|403|10
7958|3|941|720|10
7958|3|403|720|1
966|11|28|390|9
1129|14|109|31|5
7653|3|161|720|7
7653|3|87|720|1
7653|3|87|161|7
3604|9|500|1024|6
91|16|72|70|15
6098|6|335|1171|10
7497|3|626|1168|12
3630|10|45|40|5
3093|11|36|626|6
208|16|199|59|2
1811|9|420|751|4
7344|4|449|720|112
5321|7|335|16|1
2245|12|1|56|23
3915|10|28|390|5
8175|3|1604|720|4
5737|7|31|720|2
8076|3|1604|720|8
4839|8|254|115|9
1598|14|55|56|1
702|16|31|30|6
275|16|93|161|22
8147|3|626|1425|4
4877|8|344|16|18
5688|6|335|1171|9
3142|11|626|761|1
135|16|1|224|15
7384|4|344|1442|19
7384|4|344|1010|19
7384|4|1442|1010|1
574|16|30|29|2
7341|3|161|720|4
3417|10|420|751|3
104|16|1|16|16
1549|14|55|56|4
7103|4|85|450|42
7103|4|31|450|14
7103|4|31|85|12
3092|11|36|626|4
8234|3|344|1442|8
6543|5|1120|720|16
8078|3|335|1520|1
5775|7|335|1379|2
6551|5|344|720|2
1050|15|6|287|12
5614|2|869|1334|1
5566|7|93|16|7
5614|5|1334|720|1
5614|5|869|720|9
5614|5|869|1334|9
830|14|520|545|4
830|15|78|47|1
8496|2|626|1123|22
1315|14|239|648|15
4570|9|234|404|3
2965|11|31|47|21
