committer_id|bin_2months|num_files|total_code_added|total_code_change|total_code_del|sum_net_contr|avg_net_contr|mean_neighbr_files|mean_neighbr_code_add|mean_neighbr_code_change|mean_neighbr_code_del|mean_neighbr_avg_avg_netcontr|mean_neighbr_avg_sum_netcontr
750|3|401|1559|10567|12427|5912.5|84.4642857143|670.0|13218.0|13965.0|9753.0|142.990384615|22306.5
750|2|40|85|391|330|311.0|23.9230769231|251.0|7871.0|8760.0|11602.0|270.75|10830.0
750|4|19|12|30|13|35.5|8.875|761.0|9192.0|15269.0|1807.0|142.772727273|23557.5
106|16|5|0|76|1|75.5|37.75|647.0|95.5|411.5|305.0|26.3784722222|354.5
750|6|4|6|20|0|26.0|13.0|16.0|176.0|64.0|0.0|30.0|240.0
141|9|64|60|728|28|774.0|51.6|9.0|15.0|147.0|0.0|40.5|162.0
976|10|32|50|418|0|468.0|78.0|65.0|382.0|802.0|68.0|54.7619047619|1150.0
201|7|6|186|321|0|507.0|507.0|485.0|2856.5|5298.0|3327.5|226.26773399|6490.75
751|10|19|21|336|0|357.0|71.4|5.0|3.0|98.0|0.0|101.0|101.0
947|10|30|1006|1039|386|1852.0|185.2|6.0|214.0|20.0|162.0|76.5|153.0
537|12|2|12|24|0|36.0|36.0|128.0|226.0|3373.0|0.0|71.98|3599.0
941|3|43|2977|1030|3238|2388.0|103.826086957|335.333333333|5475.33333333|5992.66666667|3520.66666667|81.0038371253|9707.66666667
60|15|20|6|458|486|221.0|44.2|71.0|1232.0|3691.0|5445.0|183.375|2200.5
750|7|1|0|4|0|4.0|4.0|625.0|6648.0|7493.0|1261.0|84.9716981132|13510.5
744|10|27|26|332|0|358.0|32.5454545455|272.0|1964.0|3854.0|470.0|47.313559322|5583.0
1259|8|82|858|1390|546|1975.0|89.7727272727|9.5|176.5|116.0|0.0|37.7222222222|292.5
519|10|77|115|745|102|809.0|27.8965517241|19.0|48.0|352.5|9.0|70.2613636364|396.0
305|12|16|90|302|0|392.0|196.0|10.5|19.0|32.5|0.0|32.75|51.5
305|10|205|2039|14649|0|16688.0|695.333333333|17.0|2717.0|31.0|0.0|549.6|2748.0
313|14|7|3|1317|0|1320.0|1320.0|9.0|2.0|1317.0|2.0|329.5|1318.0
313|13|72|12|15875|0|15887.0|1323.91666667|6.0|1.0|1316.0|0.0|1317.0|1317.0
847|3|29|8|314|0|322.0|53.6666666667|670.0|13218.0|13965.0|9753.0|142.990384615|22306.5
1608|2|4|260|254|0|514.0|257.0|130.5|4226.5|4709.5|5801.0|259.475|6035.5
742|12|30|65|625|339|520.5|27.3947368421|52.0|126.0|859.0|112.0|44.2380952381|929.0
50|12|51|480|2045|13|2518.5|148.147058824|602.0|7853.0|11120.0|15815.0|50.155461165|11065.5
742|10|60|1308|142|190|1355.0|112.916666667|523.0|4321.0|7138.5|2109.0|114.196629213|10405.0
136|14|104|127|700|271|691.5|21.609375|88.5|171.5|1252.0|228.5|46.5142045455|1309.25
136|13|303|398|4898|898|4847.0|47.0582524272|501.666666667|1250.0|3924.66666667|3416.33333333|38.3492022477|3466.5
50|16|59|73|976|285|906.5|41.2045454545|82.5|207.5|629.5|349.5|44.3816287879|662.25
50|15|58|112|3243|883|2913.5|224.115384615|22.0|47.5|984.5|275.5|194.4375|894.25
92|6|2|0|39|2|38.0|38.0|1584.0|18817.0|13363.0|8803.0|112.920731707|27778.5
720|4|761|9192|15269|1807|23557.5|142.772727273|292.724137931|3886.03448276|4247.89655172|1799.17241379|163.192907743|7234.34482759
720|5|559|4473|7364|3612|10031.0|99.3168316832|153.8|1636.56|2029.88|1208.44|119.409507798|3062.22
720|6|1477|9235|13363|5316|19940.0|114.597701149|493.8125|2921.78125|3100.375|2467.875|385.106344999|4788.21875
720|7|625|6648|7493|1261|13510.5|84.9716981132|138.875|2184.5|2178.83333333|653.875|137.880795856|4036.39583333
720|2|251|7871|8760|11602|10830.0|270.75|112.714285714|9709.28571429|2574.14285714|2235.42857143|311.930143576|11165.7142857
720|3|670|13218|13965|9753|22306.5|142.990384615|160.4|3272.55|3111.05|1930.3|143.585406135|5418.45
1604|3|25|50|258|8|304.0|25.3333333333|670.0|13218.0|13965.0|9753.0|142.990384615|22306.5
1604|2|23|452|456|0|908.0|75.6666666667|300.0|1299.0|6010.0|1089.0|150.322222222|6764.5
1143|5|58|22|663|17|676.5|37.5833333333|257.0|129.0|788.0|1515.0|3.625|159.5
40|16|20|0|204|23|192.5|24.0625|5.0|0.0|76.0|1.0|37.75|75.5
40|14|32|179|114|0|293.0|48.8333333333|56.0|785.0|11473.0|14414.0|229.590909091|5051.0
40|12|19|133|333|0|466.0|233.0|1403.0|5767.0|33255.0|25964.0|197.272727273|26040.0
975|2|121|2229|2266|660|4165.0|148.75|251.0|7871.0|8760.0|11602.0|270.75|10830.0
40|10|162|704|2348|414|2845.0|88.90625|97.3333333333|688.666666667|2037.33333333|404.333333333|98.7134453782|2523.83333333
40|11|52|334|978|251|1186.5|98.875|699.0|3836.0|15821.0|10318.0|174.674698795|14498.0
68|10|758|6138|11257|441|17174.5|104.087878788|106.0|679.166666667|1420.33333333|317.5|56.8071438919|1940.75
107|6|101|203|1256|28|1445.0|68.8095238095|1477.0|9235.0|13363.0|5316.0|114.597701149|19940.0
68|12|585|916|11936|7106|9299.0|65.485915493|232.571428571|2484.57142857|4881.42857143|5723.0|72.6703528499|4504.5
68|13|60|163|1063|884|784.0|65.3333333333|68.625|531.25|3454.375|2878.625|130.535714286|2546.3125
68|14|64|124|858|205|879.5|48.8611111111|158.0|799.0|1779.0|822.0|42.4901960784|2167.0
68|15|132|76|2189|30|2250.0|72.5806451613|78.0|124.0|390.0|220.0|28.8571428571|404.0
68|16|19|9|261|3|268.5|38.3571428571|147.0|217.0|935.0|682.0|24.5757575758|811.0
545|14|18|0|94|1|93.5|18.7|93.5|163.0|1258.0|209.5|19.3892045455|1316.25
405|10|6|59|240|0|299.0|99.6666666667|6.0|111.0|39.0|0.0|50.0|150.0
449|12|218|505|2976|4762|1100.0|25.5813953488|267.0|1013.0|4405.0|2717.0|82.8469387755|4059.5
422|10|42|184|614|0|798.0|66.5|137.0|991.5|1938.5|235.0|44.656779661|2812.5
449|10|217|241|4444|8263|553.5|14.5657894737|234.75|1535.75|4264.0|5079.5|72.8551391206|3260.0
727|13|20|20|363|0|383.0|76.6|51.0|32.0|708.0|76.0|78.0|702.0
444|14|2|0|15|10|10.0|10.0|170.0|326.0|2430.0|403.0|29.0284090909|2554.5
86|3|9|38|143|0|181.0|90.5|268.0|892.0|3091.0|159.0|125.919354839|3903.5
280|13|43|152|602|15|746.5|41.4722222222|47.0|204.0|1032.0|0.0|72.7058823529|1236.0
1478|5|2|1|18|0|19.0|19.0|120.0|233.0|1855.0|51.0|62.5|2062.5
570|13|14|72|360|0|432.0|61.7142857143|230.0|1120.0|1808.0|1166.0|36.640625|2345.0
1281|7|19|37|6|84|1.0|1.0|28.0|37.0|158.0|84.0|38.25|153.0
280|15|5|3|39|0|42.0|14.0|27.0|616.0|273.0|3.0|88.75|887.5
1571|3|11|62|340|794|5.0|0.5|90.0|2345.5|1128.0|435.0|77.0491803279|3256.0
627|13|2|7|37|0|44.0|44.0|10.0|30.0|321.0|0.0|70.2|351.0
772|9|8|140|544|0|684.0|228.0|22.5|455.5|1551.0|0.0|239.15625|2006.5
772|8|2|49|58|0|107.0|107.0|8.0|204.0|398.0|0.0|150.5|602.0
1607|3|5|258|250|1|507.5|253.75|340.5|6902.5|7239.5|4876.5|209.120192308|11703.75
832|12|31|5|427|0|432.0|30.8571428571|14.0|53.0|896.0|0.0|79.1346153846|949.0
172|12|3|0|12|14|5.0|5.0|111.0|1037.0|813.0|935.0|57.6041666667|1382.5
172|10|1|0|0|1|-0.5|-0.5|14.0|68.0|359.0|1.0|47.3888888889|426.5
129|16|13|0|87|2|86.0|28.6666666667|54.0|75.3333333333|347.666666667|229.333333333|34.3585858586|308.333333333
129|15|150|210|1062|1533|505.5|18.7222222222|201.5|1132.0|2038.0|452.5|63.7114485981|2943.75
860|12|15|171|1602|28|1759.0|195.444444444|20.0|119.0|1402.0|168.0|130.636363636|1437.0
869|6|251|12309|2421|29|14715.5|865.617647059|117.333333333|4747.33333333|1359.0|26.0|834.113888889|6093.33333333
869|7|72|3336|899|403|4033.5|1008.375|263.0|4392.0|3404.0|459.333333333|295.90563014|7566.33333333
869|4|28|41|682|7|719.5|143.9|761.0|9192.0|15269.0|1807.0|142.772727273|23557.5
10|4|8|14|55|0|69.0|13.8|540.0|7430.0|2891.0|5277.0|30.4861111111|7682.5
128|14|20|17|243|1|259.5|64.875|75.0|167.0|803.0|534.0|54.0769230769|703.0
1442|3|2656|17249|29044|17344|37621.0|70.9830188679|580.666666667|7504.0|10071.6666667|3700.0|153.548097665|15725.6666667
128|16|10|5|68|4|71.0|35.5|55.0|73.6666666667|354.0|228.666666667|32.0808080808|313.333333333
128|12|128|226|3373|0|3599.0|71.98|12.0|16.5|266.5|0.0|62.1666666667|283.0
5|15|33|12|325|66|304.0|30.4|240.0|2703.66666667|1562.33333333|544.0|84.0973329789|3994.0
78|15|4|0|23|0|23.0|23.0|32.0|73.0|253.0|501.0|18.875|75.5
563|10|640|5519|5700|6002|8218.0|91.3111111111|1036.0|8424.0|14254.0|4187.0|115.643258427|20584.5
688|9|9|15|147|0|162.0|40.5|64.0|60.0|728.0|28.0|51.6|774.0
1114|7|169|1061|3669|353|4553.5|63.2430555556|625.0|6648.0|7493.0|1261.0|84.9716981132|13510.5
429|10|1562|10036|24035|8406|29868.0|228.0|646.5|4823.5|9638.5|2584.0|93.3494069913|13170.0
1484|4|1|11|24|0|35.0|35.0|36.0|90.0|677.0|46.0|57.2307692308|744.0
1400|4|108|14504|72|0|14576.0|1214.66666667|11.0|1455.0|9.0|0.0|1464.0|1464.0
663|12|43|1439|385|0|1824.0|152.0|1162.0|15610.0|21575.0|31335.0|69.6359223301|21517.5
663|13|76|777|1387|2|2163.0|113.842105263|118.333333333|647.666666667|1502.0|912.0|79.9754464286|1693.66666667
835|11|181|4150|5173|2572|8037.0|365.318181818|21.0|431.0|569.0|245.0|292.5|877.5
835|10|93|291|1318|399|1409.5|93.9666666667|112.0|607.333333333|1841.33333333|162.666666667|142.040900072|2367.33333333
341|11|2|0|16|1|15.5|15.5|21.0|0.0|179.0|7.0|13.5|175.5
1400|2|21|2324|36|0|2360.0|590.0|251.0|7871.0|8760.0|11602.0|270.75|10830.0
710|7|32|32|424|323|294.5|26.7727272727|319.666666667|2375.33333333|4078.0|1297.33333333|60.1323789032|5804.66666667
1442|4|491|8008|3703|2158|10632.0|120.818181818|2114.5|11622.0|19641.5|34077.75|55.6513324706|14224.625
57|4|409|12971|15691|35|28644.5|353.635802469|569.0|11641.0|15266.5|923.0|275.098169192|26446.0
161|7|210|6293|1123|452|7190.0|156.304347826|625.0|6648.0|7493.0|1261.0|84.9716981132|13510.5
161|6|241|11936|2410|1258|13717.0|274.34|1477.0|9235.0|13363.0|5316.0|114.597701149|19940.0
161|5|279|3908|12360|13757|9389.5|130.409722222|280.5|2247.5|3692.0|1806.0|70.6584158416|5036.5
161|4|285|1635|7039|1867|7740.5|109.021126761|493.0|6305.0|10604.0|4110.5|139.71969697|14853.75
161|3|473|3691|12657|12308|10194.0|124.317073171|374.0|6234.5|7041.25|2528.0|180.494123932|12011.75
161|2|274|5014|11509|16315|8365.5|181.858695652|217.0|5671.5|8031.0|11338.0|244.479166667|8033.5
22|3|318|3396|10128|817|13115.5|397.439393939|287.0|1644.0|6603.0|291.0|368.25|8101.5
28|14|12|2|37|99|-10.5|-10.5|51.0|9.0|236.0|302.0|15.6666666667|94.0
234|9|4|6|19|62|-6.0|-1.5|214.0|133.0|383.5|1979.5|-13.3359375|-473.25
28|10|22|169|228|43|375.5|62.5833333333|955.0|8460.0|5360.0|2642.0|127.590086868|12499.0
28|11|37|676|266|184|850.0|94.4444444444|752.5|16624.0|4266.5|3111.0|134.602764423|19335.0
28|12|16|279|142|168|337.0|84.25|111.0|1037.0|813.0|935.0|57.6041666667|1382.5
161|8|36|14|402|116|358.0|29.8333333333|51.0|117.5|570.0|174.5|13.4568965517|600.25
29|13|1405|3631|10370|10066|8968.0|41.711627907|152.6|365.4|2013.0|685.0|50.704367086|2035.9
29|12|653|3592|6393|1328|9321.0|51.4972375691|115.4|728.4|1565.2|1219.6|56.9937056738|1683.8
29|11|24|340|108|92|402.0|50.25|121.0|874.0|1793.0|56.0|50.75|2639.0
5|9|26|17|186|281|62.5|5.20833333333|385.0|6200.0|6041.0|3099.0|87.3510377466|10691.5
29|16|7854|8494|5388|9757|9003.5|125.048611111|1388.66666667|1361.16666667|1195.16666667|1565.5|84.0577651515|1773.58333333
29|15|201|539|3447|620|3676.0|56.5538461538|10.0|14.0|614.0|12.0|69.1111111111|622.0
29|14|291|1298|1575|1015|2365.5|30.3269230769|83.75|214.75|878.75|317.0|20.3343081551|935.0
383|8|70|26|196|158|143.0|8.41176470588|70.0|278.0|1069.5|136.0|95.5957854406|1279.5
564|3|54|1720|4378|11402|397.0|9.45238095238|125.0|4658.0|6559.5|14878.5|73.9028756957|3778.25
788|6|36|41|297|58|309.0|19.3125|1477.0|9235.0|13363.0|5316.0|114.597701149|19940.0
788|5|24|50|160|3|208.5|26.0625|22.0|19.0|735.0|21.0|57.1923076923|743.5
171|12|2|3|59|0|62.0|62.0|23.0|50.5|404.0|147.5|52.3375|380.75
788|3|107|87|1459|7|1542.5|55.0892857143|670.0|13218.0|13965.0|9753.0|142.990384615|22306.5
171|10|4|45|51|1|95.5|31.8333333333|2.0|41.0|3.0|0.0|44.0|44.0
696|6|4|4|48|0|52.0|26.0|1477.0|9235.0|13363.0|5316.0|114.597701149|19940.0
357|15|7|5|44|2|48.0|24.0|11.0|36.0|89.0|2.0|31.0|124.0
357|11|2|1|196|102|146.0|146.0|42.0|28.0|3274.0|3455.0|92.6176470588|1574.5
357|12|13|5|311|385|123.5|123.5|264.666666667|617.666666667|6103.66666667|5063.33333333|68.0280432596|4189.66666667
357|13|14|189|1134|917|864.5|123.5|124.75|500.75|1958.75|1396.25|86.1033296131|1761.375
780|10|4|4|10|8|10.0|3.33333333333|1079.0|6304.0|31459.0|243.0|132.540492958|37641.5
47|15|32|73|253|501|75.5|18.875|12.0|29.5|242.0|54.0|40.625|244.5
454|9|18|0|933|0|933.0|155.5|15.0|0.0|997.0|0.0|199.4|997.0
198|15|491|7915|2894|1245|10186.5|188.638888889|33.0|12.0|325.0|66.0|30.4|304.0
965|6|42|3997|690|69|4652.5|775.416666667|31.0|1223.5|362.0|16.0|697.277777778|1577.5
1|10|216|814|1455|174|2182.0|114.842105263|38.0|172.0|932.0|292.0|47.9|958.0
1|11|690|3460|6668|3456|8400.0|115.068493151|33.5|400.5|403.0|69.5|76.875|768.75
44|10|65|382|802|68|1150.0|54.7619047619|105.25|609.5|2019.0|389.75|102.071170343|2433.625
1|13|882|4630|9557|5854|11260.0|68.2424242424|306.5|2276.66666667|3579.0|1500.5|61.4849049324|5105.41666667
1|14|161|4205|2349|1318|5895.0|155.131578947|229.0|4381.0|3482.0|1920.0|115.934714795|6903.0
1|15|599|10869|9121|5021|17479.5|108.568322981|27.0|616.0|273.0|3.0|88.75|887.5
1|16|542|3448|5399|4022|6836.0|58.9310344828|97.2857142857|794.285714286|1214.57142857|517.857142857|52.2848607367|1749.92857143
793|13|17|10|151|5|158.5|31.7|29.0|334.0|445.0|25.0|109.5|766.5
64|14|421|8363|6788|3729|13286.5|201.310606061|161.0|4205.0|2349.0|1318.0|155.131578947|5895.0
64|15|82|461|2278|1138|2170.0|98.6363636364|1502.0|44657.0|44948.0|80396.0|152.490740741|49407.0
64|16|49|257|1650|108|1853.0|102.944444444|1274.0|191.0|619.0|587.0|28.6944444444|516.5
64|10|793|17842|20140|20435|27764.5|165.264880952|485.2|3328.2|10379.8|1195.2|96.2246290648|13110.4
157|10|80|917|2481|21|3387.5|125.462962963|96.0|587.5|591.5|358.5|35.9128959276|999.75
64|12|1162|15610|21575|31335|21517.5|69.6359223301|162.0|773.2|3161.4|1506.4|93.6268122546|3181.4
558|15|424|309|372|681|340.5|26.1923076923|375.0|1859.5|3824.0|888.5|76.058988764|5239.25
157|11|20|312|582|0|894.0|149.0|38.0|331.0|146.0|21.0|116.625|466.5
975|9|41|8|94|195|4.5|1.125|575.5|121.5|1715.0|2764.0|18.21875|454.5
1041|10|11|19|73|0|92.0|23.0|12.0|21.0|76.0|0.0|24.25|97.0
125|16|2|1|5|0|6.0|6.0|8.0|4.0|20.0|0.0|6.0|24.0
165|9|5|6|5|8|7.0|2.33333333333|426.0|263.0|766.0|3957.0|-29.671875|-949.5
330|14|22|140|175|19|305.5|38.1875|191.0|2721.0|1131.0|949.0|64.9519230769|3377.5
344|11|2|0|5|43|-16.5|-8.25|42.0|52.0|548.0|58.0|51.9090909091|571.0
975|6|11|1003|182|21|1174.5|1174.5|46.5|2720.5|616.0|40.0|497.736111111|3316.5
261|15|38|637|269|0|906.0|82.3636363636|396.0|709.0|48326.0|97765.0|3.91025641026|152.5
716|13|8|11|17|2|27.0|27.0|21.0|125.5|235.5|3.0|46.75|359.5
1114|8|83|1207|708|605|1612.5|70.1086956522|100.0|235.0|1109.0|257.0|41.9137931034|1215.5
5|14|235|53|2710|5381|72.5|10.3571428571|63.0|541.0|597.5|987.5|82.9583333333|644.75
1442|2|482|14095|7654|1847|20825.5|140.712837838|300.0|1299.0|6010.0|1089.0|150.322222222|6764.5
5|16|121|665|595|1080|720.0|144.0|3705.5|4235.0|3265.0|4789.25|80.8913921189|5105.375
5|10|165|639|1067|652|1380.0|35.3846153846|621.0|7455.7|4827.7|1348.7|116.784915118|11609.05
1114|6|411|2753|7557|412|10104.0|97.1538461538|1477.0|9235.0|13363.0|5316.0|114.597701149|19940.0
5|12|42|96|665|295|613.5|30.675|192.375|2691.0|3821.875|4215.25|123.690292857|4405.25
5|13|238|1027|1819|2077|1807.5|100.416666667|211.5|983.7|3687.7|3521.7|107.002394152|2910.55
160|10|2|0|6|13|-0.5|-0.25|27.0|536.0|116.0|65.0|36.4411764706|619.5
1330|3|73|1021|1033|413|1847.5|153.958333333|802.0|12501.0|12853.0|4383.0|248.098923679|23162.5
1060|5|15|18|138|0|156.0|31.2|4.0|4.0|58.0|0.0|62.0|62.0
1001|3|29|0|265|15|257.5|32.1875|670.0|13218.0|13965.0|9753.0|142.990384615|22306.5
745|13|3|36|138|0|174.0|87.0|26.0|229.0|437.0|2.0|66.5|665.0
745|12|15|27|48|0|75.0|37.5|11.0|50.5|159.5|0.0|112.0|210.0
745|10|2|41|3|0|44.0|44.0|4.0|45.0|51.0|1.0|31.8333333333|95.5
49|5|41|216|613|1|828.5|48.7352941176|69.5|334.0|828.0|176.5|37.5288461538|1073.75
157|14|39|58|741|91|753.5|39.6578947368|37.0|399.0|176.0|111.0|30.5588235294|519.5
49|6|51|1444|542|11|1980.5|220.055555556|163.75|2797.75|1849.0|52.75|552.75462963|4620.375
441|2|323|3443|3733|14|7169.0|512.071428571|25.0|238.0|301.0|1.0|538.5|538.5
603|10|2|2|24|0|26.0|26.0|424.5|3099.0|6192.0|565.5|60.1400932401|9008.25
49|2|269|31|16|1364|-635.0|-90.7142857143|189.0|36.0|36.0|1328.0|-148.0|-592.0
51|6|238|650|3448|570|3813.0|63.55|370.0|69.0|2176.0|557.0|89.3863636364|1966.5
51|7|318|1184|5074|196|6160.0|68.4444444444|51.5|198.0|910.0|480.5|59.8148148148|867.75
203|10|37|60|183|246|120.0|13.3333333333|14.0|68.0|359.0|1.0|47.3888888889|426.5
441|3|6|78|321|0|399.0|133.0|670.0|13218.0|13965.0|9753.0|142.990384615|22306.5
55|14|172|499|948|196|1349.0|27.5306122449|46.5|592.0|5824.5|7262.5|130.07486631|2785.25
55|16|18|61|237|0|298.0|33.1111111111|177.0|868.0|2270.0|1134.0|61.0|2571.0
186|15|20|59|461|108|466.0|58.25|38.0|73.6666666667|1668.0|609.0|191.205128205|1437.16666667
51|9|419|1026|5652|578|6389.0|50.3070866142|255.0|313.0|2290.0|233.0|46.0462962963|2486.5
553|4|291|2402|4399|177|6712.5|268.5|386.0|4596.0|7679.0|903.5|78.803030303|11823.25
553|5|339|3206|5115|127|8257.5|250.227272727|362.0|4728.0|14889.0|15406.0|170.2|11914.0
45|7|8|80|82|0|162.0|81.0|52.0|177.0|815.0|127.0|46.425|928.5
553|3|268|892|3091|159|3903.5|125.919354839|339.5|6628.0|7054.0|4876.5|116.745192308|11243.75
45|9|221|4013|3281|602|6993.0|170.56097561|1130.0|7144.0|7024.0|74.0|235.516666667|14131.0
896|6|89|2064|201|0|2265.0|2265.0|593.75|8655.75|3832.5|1335.5|1999.41609195|11820.5
195|13|651|11096|4192|679|14948.5|109.113138686|445.5|2320.5|4893.0|2927.0|64.1212121212|5750.0
553|9|1130|7144|7024|74|14131.0|235.516666667|257.0|2797.0|2778.5|772.0|99.8753153911|5189.5
378|16|4|0|122|4|120.0|60.0|7.0|0.0|183.0|8.0|44.75|179.0
1460|5|6|0|81|199|-18.5|-9.25|3.0|0.0|39.0|98.0|-10.0|-10.0
1039|6|8|66|168|0|234.0|117.0|46.0|308.0|1085.0|1643.0|35.71875|571.5
195|11|42|52|548|58|571.0|51.9090909091|2.0|0.0|5.0|43.0|-8.25|-16.5
1481|3|2|13|25|0|38.0|38.0|1345.0|19842.0|21110.0|5726.0|260.883561644|38089.0
226|12|25|106|1763|0|1869.0|143.769230769|15.3333333333|7.66666666667|246.666666667|0.666666666667|35.1857142857|254.0
1010|3|742|3801|3524|10599|2025.5|56.2638888889|670.0|13218.0|13965.0|9753.0|142.990384615|22306.5
16|9|293|1581|2276|942|3386.0|29.1896551724|692.5|3728.5|4657.0|153.5|140.781481481|8308.75
16|8|640|519|2401|5829|5.5|0.0395683453237|1119.33333333|1307.0|2775.0|8779.66666667|22.8295537341|-307.833333333
258|13|6|6|30|0|36.0|12.0|2.0|2.0|10.0|0.0|12.0|12.0
16|5|944|11002|7139|4697|15792.5|62.9183266932|113.0|80.0|6569.0|156.0|172.921052632|6571.0
16|4|540|7430|2891|5277|7682.5|30.4861111111|338.333333333|3982.66666667|4190.33333333|2148.0|66.4093126386|7099.0
16|7|1353|14280|14316|4031|26580.5|111.215481172|282.2|1743.2|2766.4|1760.0|77.8020935961|3629.6
716|3|31|43|463|0|506.0|46.0|4.0|2.0|38.0|0.0|13.3333333333|40.0
10|16|14|223|69|0|292.0|73.0|260.333333333|1756.33333333|3777.33333333|490.0|72.4250693176|5288.66666667
10|13|5|2|70|0|72.0|36.0|323.0|2101.0|6131.5|1584.5|62.6851788949|7440.25
10|12|12|18|284|2|301.0|60.2|728.0|4832.0|14278.0|3824.5|199.941701999|17197.75
1418|6|4|0|16|0|16.0|4.0|1477.0|9235.0|13363.0|5316.0|114.597701149|19940.0
1001|2|136|936|1280|32|2200.0|220.0|251.0|7871.0|8760.0|11602.0|270.75|10830.0
136|15|29|51|234|186|192.0|17.4545454545|1.0|0.0|1.0|2.0|0.0|0.0
1029|8|863|6438|8166|554|14327.0|188.513157895|40.0|321.0|1030.0|15.0|149.277777778|1343.5
48|13|9|4|26|29|15.5|15.5|26.0|12.0|92.0|66.0|11.8333333333|71.0
423|13|16|22|34|4|54.0|27.0|17.0|120.0|227.0|2.0|46.75|346.0
1468|3|9|20|9|42|8.0|2.66666666667|670.0|13218.0|13965.0|9753.0|142.990384615|22306.5
720|8|100|235|1109|257|1215.5|41.9137931034|165.928571429|1111.14285714|3661.21428571|2205.78571429|99.0084773597|3669.46428571
99|12|20|968|420|18|1379.0|153.222222222|90.0|516.0|4544.0|4369.0|119.8125|2875.5
161|14|33|2855|41|51|2870.5|220.807692308|241.666666667|792.666666667|3360.0|4191.0|64.1203703704|2057.16666667
161|13|6|1|1316|0|1317.0|1317.0|72.0|12.0|15875.0|0.0|1323.91666667|15887.0
99|15|27|616|273|3|887.5|88.75|253.25|3551.25|4065.0|2740.75|88.7790550444|6245.875
99|16|6630|6846|3052|6922|6437.0|134.104166667|1902.4|1954.6|1751.8|2443.6|81.6137626263|2484.6
161|10|38|172|932|292|958.0|47.9|125.0|485.5|1182.0|91.5|116.393274854|1621.75
655|15|3|0|0|4|-2.0|-1.0|2.0|0.0|0.0|3.0|-1.5|-1.5
626|13|168|1549|1406|404|2753.0|101.962962963|202.333333333|863.0|6740.33333333|7257.33333333|111.720575318|3974.66666667
626|12|64|2006|1661|530|3402.0|425.25|42.0|96.0|665.0|295.0|30.675|613.5
626|11|716|12670|6171|839|18421.5|175.442857143|596.0|16063.0|3158.0|1465.0|177.4046875|18488.5
626|10|1213|29389|3472|1507|32107.5|258.931451613|920.25|10410.0|5895.25|2398.5|207.643042198|15106.0
390|11|362|1837|2870|3389|3012.5|46.3461538462|37.0|676.0|266.0|184.0|94.4444444444|850.0
390|10|885|6561|4338|2334|9732.0|94.4854368932|652.75|7307.5|3136.25|1740.5|104.35317139|9573.5
390|13|111|39|524|661|232.5|10.1086956522|168.0|1549.0|1406.0|404.0|101.962962963|2753.0
390|12|111|1037|813|935|1382.5|57.6041666667|9.5|139.5|77.0|91.0|44.625|171.0
390|14|51|9|236|302|94.0|15.6666666667|12.0|2.0|37.0|99.0|-10.5|-10.5
92|9|347|2986|10550|8990|9041.0|114.443037975|247.25|1904.75|5522.75|4661.25|79.4614712982|5096.875
462|15|17|4|142|12|140.0|46.6666666667|499.0|844.0|3806.0|2942.5|86.4710960961|3178.75
462|11|26|40|356|51|370.5|26.4642857143|19.0|2651.5|262.5|3.0|549.1625|2912.5
117|15|658|800|3597|5816|1489.0|41.3611111111|17.0|4.0|142.0|12.0|46.6666666667|140.0
155|11|62|133|481|55|586.5|83.7857142857|42.0|28.0|3274.0|3455.0|92.6176470588|1574.5
155|13|48|1654|985|944|2167.0|216.7|270.0|1786.66666667|4255.66666667|1862.0|86.7677865613|5111.33333333
155|15|22|405|386|1193|194.5|32.4166666667|204.333333333|1265.33333333|4349.66666667|7486.0|86.9365384615|1872.0
155|16|12|7|250|416|49.0|24.5|147.0|217.0|935.0|682.0|24.5757575758|811.0
330|6|93|594|1625|303|2067.5|121.617647059|1477.0|9235.0|13363.0|5316.0|114.597701149|19940.0
330|5|58|3937|2121|0|6058.0|466.0|559.0|4473.0|7364.0|3612.0|99.3168316832|10031.0
330|4|37|495|1656|0|2151.0|215.1|761.0|9192.0|15269.0|1807.0|142.772727273|23557.5
330|3|104|2902|4104|0|7006.0|218.9375|468.0|11442.0|8479.5|4876.5|238.074139676|17483.25
1011|8|2|3|43|0|46.0|46.0|17.0|15.0|200.0|118.0|22.2857142857|156.0
271|16|87|251|1382|286|1490.0|55.1851851852|18.0|198.0|324.0|17.0|64.1875|513.5
265|9|40|475|2246|9|2716.5|301.833333333|67.0|290.0|1688.0|56.0|139.285714286|1950.0
1141|6|16|96|820|4|914.0|152.333333333|15.0|90.0|756.0|5.0|168.7|843.5
1334|6|15|807|152|2|958.0|958.0|196.0|8581.33333333|2115.33333333|35.0|803.319771242|10679.1666667
133|16|46|0|849|20|839.0|76.2727272727|238.0|1530.0|3318.0|2156.0|36.25|3770.0
383|12|2|4|67|0|71.0|71.0|35.0|42.0|443.0|11.0|36.8846153846|479.5
211|11|42|28|3274|3455|1574.5|92.6176470588|242.5|2163.5|6390.0|466.25|147.86875|8320.375
804|13|6|110|22|0|132.0|66.0|230.0|1120.0|1808.0|1166.0|36.640625|2345.0
1614|3|5|21|54|0|75.0|75.0|490.0|13737.0|6787.0|5025.0|113.996835443|18011.5
751|7|21|35|84|15|111.5|15.9285714286|625.0|6648.0|7493.0|1261.0|84.9716981132|13510.5
500|9|6|6|57|0|63.0|21.0|879.0|11153.0|19050.0|12697.0|193.93902439|23854.5
59|16|6|13|251|5|261.5|65.375|20.6666666667|31.3333333333|449.333333333|4.0|79.3611111111|478.666666667
264|12|6|11|17|0|28.0|28.0|15.5|58.5|175.0|0.0|116.75|233.5
191|10|6|111|39|0|150.0|50.0|6.0|59.0|240.0|0.0|99.6666666667|299.0
124|16|8|4|20|0|24.0|6.0|2.0|1.0|5.0|0.0|6.0|6.0
89|9|1|0|0|1|-0.5|-0.5|232.0|4041.0|4945.0|1376.0|106.384615385|8298.0
517|15|4|0|43|91|-2.5|-2.5|4.0|0.0|42.0|89.0|-2.5|-2.5
1006|10|81|126|315|372|255.0|19.6153846154|1079.0|6304.0|31459.0|243.0|132.540492958|37641.5
848|11|4|18|2|2|19.0|9.5|42.0|9.0|754.0|1438.0|3.66666666667|44.0
98|11|21|431|569|245|877.5|292.5|181.0|4150.0|5173.0|2572.0|365.318181818|8037.0
98|10|109|736|2374|6|3107.0|282.454545455|93.0|291.0|1318.0|399.0|93.9666666667|1409.5
30|11|38|331|146|21|466.5|116.625|10.5|156.0|291.5|3.5|73.25|445.75
1435|3|24|11|270|3|279.5|27.95|670.0|13218.0|13965.0|9753.0|142.990384615|22306.5
30|10|34|157|909|9|1061.5|117.944444444|38.0|172.0|932.0|292.0|47.9|958.0
307|15|78|124|390|220|404.0|28.8571428571|132.0|76.0|2189.0|30.0|72.5806451613|2250.0
335|10|257|1223|5023|981|5755.5|71.0555555556|898.0|8645.4|18097.4|6763.8|149.31194869|23360.9
307|11|27|78|494|1|571.5|47.625|18.5|2632.5|193.5|28.0|538.582142857|2812.0
226|16|5|25|46|77|32.5|16.25|147.0|217.0|935.0|682.0|24.5757575758|811.0
897|4|2|366|0|0|366.0|366.0|516.0|3926.0|8813.0|4286.0|64.6097560976|10596.0
897|6|180|4882|402|0|5284.0|2642.0|571.0|7951.25|3782.25|1335.5|1905.16609195|11065.75
341|9|4|0|48|10|43.0|21.5|67.0|290.0|1688.0|56.0|139.285714286|1950.0
1252|3|101|271|2970|368|3057.0|132.913043478|670.0|13218.0|13965.0|9753.0|142.990384615|22306.5
200|13|4|432|87|0|519.0|259.5|2.0|165.0|40.0|0.0|205.0|205.0
654|15|2|0|0|3|-1.5|-1.5|3.0|0.0|0.0|4.0|-1.0|-2.0
339|14|5|9|80|14|82.0|27.3333333333|14.0|11.0|381.0|0.0|35.6363636364|392.0
9|16|24|30|306|0|336.0|42.0|13.0|21.5|109.0|2.0|36.2083333333|129.5
93|12|211|804|5476|254|6153.0|109.875|585.0|916.0|11936.0|7106.0|65.485915493|9299.0
93|13|48|414|629|607|739.5|67.2272727273|88.8333333333|825.166666667|1860.0|925.0|170.478679654|2222.66666667
93|10|1079|6304|31459|243|37641.5|132.540492958|548.714285714|6294.85714286|7416.42857143|4891.71428571|92.7705753703|11265.4285714
93|11|112|193|4448|160|4561.0|116.948717949|72.5|433.5|659.0|1009.5|128.09|587.75
93|16|405|3197|6584|268|9647.0|103.731182796|92.3333333333|215.333333333|742.0|264.666666667|61.1085858586|825.0
93|14|183|593|2278|1732|2005.0|33.4166666667|95.5|1827.0|910.0|436.5|131.648944193|2518.75
93|15|338|2101|3409|497|5261.5|49.1728971963|151.25|751.0|2849.25|4235.25|81.700267094|1482.625
44|4|943|18720|8251|22|26960.0|369.315068493|761.0|9192.0|15269.0|1807.0|142.772727273|23557.5
157|16|98|534|843|146|1304.0|52.16|1274.0|191.0|619.0|587.0|28.6944444444|516.5
36|2|25|238|301|1|538.5|538.5|323.0|3443.0|3733.0|14.0|512.071428571|7169.0
500|10|26|119|241|0|360.0|36.0|15.0|149.0|104.0|0.0|50.6|253.0
989|9|64|5815|1094|0|6909.0|431.8125|1056.0|5688.0|20565.0|5949.0|247.643617021|23278.5
140|14|4|0|132|4|130.0|65.0|85.0|494.0|1016.0|418.0|64.7450980392|1301.0
1386|6|6|2|28|0|30.0|15.0|11.0|3.0|319.0|0.0|107.333333333|322.0
239|15|10|14|614|12|622.0|69.1111111111|201.0|539.0|3447.0|620.0|56.5538461538|3676.0
239|14|170|326|2430|403|2554.5|29.0284090909|60.25|230.125|342.0|187.125|23.3212652008|478.5625
239|13|122|283|1944|267|2093.5|32.7109375|288.714285714|1182.71428571|3451.57142857|2230.71428571|74.338721171|3518.92857143
1605|3|8|8|4|4|10.0|2.5|11.0|10.0|118.0|18.0|29.75|119.0
831|12|3|0|29|0|29.0|14.5|28.0|55.5|1095.0|0.0|87.3131868132|1150.5
479|11|17|31|616|0|647.0|71.8888888889|1.0|3.0|33.0|0.0|36.0|36.0
1468|2|42|52|1039|0|1091.0|51.9523809524|128.0|3939.5|4440.5|5801.0|167.625|5479.5
107|13|3|112|146|0|258.0|258.0|65.3333333333|694.333333333|2195.33333333|530.333333333|140.398989899|2624.5
238|6|264|5685|536|0|6221.0|2073.66666667|550.0|7750.5|3748.75|1335.5|2047.24942529|10831.5
806|10|17|2717|31|0|2748.0|549.6|205.0|2039.0|14649.0|0.0|695.333333333|16688.0
121|16|8|0|124|0|124.0|31.0|95.0|230.0|774.0|497.0|20.4189189189|755.5
438|9|7|0|100|8|96.0|24.0|26.0|17.0|186.0|281.0|5.20833333333|62.5
809|12|4|42|126|0|168.0|84.0|42.0|96.0|665.0|295.0|30.675|613.5
188|11|8|100|1|6|98.0|98.0|21.0|200.0|2.0|18.0|32.1666666667|193.0
155|7|59|3922|985|0|4907.0|613.375|98.0|5076.0|1879.0|0.0|496.785714286|6955.0
315|10|2|19|23|0|42.0|42.0|42.0|184.0|614.0|0.0|66.5|798.0
68|11|899|7903|24504|1708|31553.0|112.689285714|42.0|28.0|3274.0|3455.0|92.6176470588|1574.5
238|7|1556|34666|3409|4|38073.0|1730.59090909|358.0|2742.0|3974.0|1657.0|78.5|5887.5
209|16|8|12|137|0|149.0|21.2857142857|1.0|2.0|2.0|0.0|4.0|4.0
1079|7|18|568|1424|0|1992.0|398.4|479.0|2665.5|4746.5|3327.5|280.56773399|5748.25
107|4|124|577|1715|65|2259.5|39.6403508772|47.0|1862.0|1211.0|296.0|172.058823529|2925.0
45|10|134|1393|3992|746|5012.0|147.411764706|113.5|543.0|1575.0|241.0|71.834077381|1997.5
1344|2|293|4676|31498|8|36170.0|822.045454545|76.0|486.5|3513.5|39.5|241.85|3980.25
1344|3|17|73|237|0|310.0|103.333333333|424.0|3013.0|8521.0|1050.0|129.517647059|11009.0
30|13|13|87|1509|1897|647.5|129.5|114.0|529.666666667|6293.0|6891.66666667|85.8908651735|3376.83333333
30|12|5|0|15|48|-9.0|-2.25|19.5|96.5|243.5|107.0|22.4779411765|286.5
30|15|71|1232|3691|5445|2200.5|183.375|212.818181818|1045.36363636|7319.81818182|11526.2727273|76.4664648468|2602.04545455
30|14|118|994|1119|1973|1126.5|125.166666667|152.333333333|713.833333333|2102.33333333|2825.33333333|74.4036299349|1403.5
30|16|147|217|935|682|811.0|24.5757575758|866.105263158|1211.42105263|1843.42105263|1579.94736842|51.3079692144|2264.86842105
45|12|1403|5767|33255|25964|26040.0|197.272727273|19.0|133.0|333.0|0.0|233.0|466.0
1310|3|86|305|147|883|10.5|1.5|122.666666667|424.0|162.666666667|1397.66666667|-31.5461309524|-112.166666667
170|16|10|20|19|20|29.0|5.8|2.0|6.0|2.0|0.0|4.0|8.0
1310|5|60|30|638|15|660.5|33.025|309.5|2429.0|4037.0|1812.5|79.8945269527|5559.75
1310|7|20|476|668|48|1120.0|140.0|255.666666667|2604.33333333|3241.66666667|471.0|61.8719762941|5610.5
1310|6|8|288|231|0|519.0|173.0|48.0|1165.0|1813.0|4.0|175.058823529|2976.0
234|6|134|1079|1413|71|2456.5|72.25|373.25|2771.5|3124.75|2737.0|116.552994709|4527.75
234|7|18|1|47|206|-55.0|-9.16666666667|679.5|7144.5|7190.0|2015.5|67.7744072524|13326.75
234|4|22|0|98|221|-12.5|-1.25|23.0|15.0|162.0|20.0|41.75|167.0
234|5|81|427|1155|224|1470.0|49.0|49.5|228.5|557.0|65.0|37.3964932127|753.0
45|16|443|292|5234|4916|3068.0|49.4838709677|192.5|873.5|2126.5|1419.0|30.4128787879|2290.5
489|3|88|1137|1040|858|1748.0|76.0|100.333333333|581.333333333|2347.0|420.333333333|128.25|2718.16666667
399|16|5|0|0|5|-2.5|-0.5|542.0|3448.0|5399.0|4022.0|58.9310344828|6836.0
61|15|202|701|2716|89|3372.5|120.446428571|357.0|946.0|6371.0|9960.0|35.9538461538|2337.0
61|14|47|36|407|27|429.5|61.3571428571|424.0|791.0|6683.0|8868.0|33.7777777778|3040.0
61|12|6|15|98|1|112.5|37.5|306.0|468.5|6135.5|3554.0|47.5346244131|4827.0
1282|7|28|37|158|84|153.0|38.25|19.0|37.0|6.0|84.0|1.0|1.0
1597|3|38|150|36|444|-36.0|-36.0|138.666666667|475.666666667|199.666666667|1544.0|-19.0461309524|-96.6666666667
468|6|97|4861|959|13|5813.5|968.916666667|168.666666667|7230.0|1846.33333333|31.3333333333|799.680882353|9060.66666667
1332|3|18|26|157|3|181.5|18.15|131.0|208.0|2263.0|215.0|42.2053571429|2363.5
30|2|183|3472|7302|11074|5237.0|218.208333333|262.5|6442.5|10134.5|13958.5|226.304347826|9597.75
30|5|2|22|20|0|42.0|42.0|419.0|4190.5|9862.0|8684.5|114.863276953|9710.25
1348|3|22|72|160|2|231.0|38.5|670.0|13218.0|13965.0|9753.0|142.990384615|22306.5
1520|3|3|6|31|0|37.0|37.0|85.0|235.0|253.0|585.0|12.21875|195.5
30|9|15|20|249|0|269.0|134.5|94.0|261.0|1663.0|7.0|174.590909091|1920.5
1379|7|52|242|620|0|862.0|431.0|358.0|2742.0|3974.0|1657.0|78.5|5887.5
417|14|44|197|535|948|258.0|64.5|11.0|48.0|133.0|237.0|62.5|62.5
1024|10|15|149|104|0|253.0|50.6|26.0|119.0|241.0|0.0|36.0|360.0
251|13|81|60|557|17|608.5|25.3541666667|882.0|4630.0|9557.0|5854.0|68.2424242424|11260.0
251|12|35|42|443|11|479.5|36.8846153846|2.0|4.0|67.0|0.0|71.0|71.0
1|8|109|3425|980|975|3917.5|230.441176471|68.0|3440.0|556.0|529.0|533.071428571|3731.5
1|9|264|5468|1274|950|6267.0|122.882352941|98.5|2483.0|1492.5|395.5|288.545454545|3777.75
976|4|26|291|201|0|492.0|123.0|761.0|9192.0|15269.0|1807.0|142.772727273|23557.5
1219|5|39|1148|164|4|1310.0|218.333333333|123.0|305.0|1556.0|34.0|59.4838709677|1844.0
1219|4|194|6915|938|0|7853.0|373.952380952|761.0|9192.0|15269.0|1807.0|142.772727273|23557.5
1219|6|106|36|438|396|276.0|9.85714285714|1477.0|9235.0|13363.0|5316.0|114.597701149|19940.0
359|13|24|19|119|80|98.0|14.0|273.0|320.0|4095.0|4860.0|38.1730769231|1985.0
1219|3|266|9666|2994|0|12660.0|333.157894737|104.0|2902.0|4104.0|0.0|218.9375|7006.0
120|16|95|230|774|497|755.5|20.4189189189|8.0|0.0|124.0|0.0|31.0|124.0
177|14|14|11|381|0|392.0|35.6363636364|5.0|9.0|80.0|14.0|27.3333333333|82.0
243|16|2|0|1|1|0.5|0.25|542.0|3448.0|5399.0|4022.0|58.9310344828|6836.0
177|12|36|192|459|207|547.5|32.2058823529|5.0|0.0|15.0|48.0|-2.25|-9.0
177|13|20|71|559|1|629.5|78.6875|112.0|407.666666667|1358.66666667|935.666666667|80.4319681677|1298.5
70|15|141|155|1330|207|1381.5|41.8636363636|60.5|26.5|394.0|123.0|26.0947368421|359.0
1168|3|54|1132|85|69|1182.5|295.625|1662.0|34233.0|12898.0|13708.0|225.011173184|40277.0
70|16|208|567|1547|1481|1373.5|21.1307692308|120.0|542.0|868.0|1142.0|15.8301886792|839.0
1168|4|228|4706|518|77|5185.5|246.928571429|1819.0|31334.0|6825.0|11026.0|291.482142857|32646.0
761|11|1143|31411|5663|2833|35657.5|222.859375|267.333333333|4687.0|2363.33333333|373.333333333|133.945767196|6863.66666667
761|10|1399|18063|4868|3317|21272.5|158.75|900.0|7674.66666667|5659.66666667|3565.66666667|99.7468519583|11551.5
761|12|250|3375|4925|1844|7378.0|78.4893617021|583.5|3677.5|8706.0|2450.5|103.964459842|11158.25
6|3|131|208|2263|215|2363.5|42.2053571429|23.0|29.0|202.0|1.5|19.0392857143|230.25
6|2|299|1695|5493|178|7099.0|244.793103448|251.0|7871.0|8760.0|11602.0|270.75|10830.0
6|5|257|129|788|1515|159.5|3.625|58.0|22.0|663.0|17.0|37.5833333333|676.5
6|4|86|406|660|327|902.5|30.0833333333|426.166666667|3966.66666667|5773.0|1637.66666667|84.939584549|8920.83333333
6|7|226|1125|6856|10922|2520.0|61.4634146341|57.0|164.0|442.0|166.0|28.3541666667|523.0
6|6|154|1921|1795|614|3409.0|66.8431372549|2.0|1.0|2.5|3.5|0.875|1.75
77|16|79|59|951|1006|507.0|13.7027027027|2.0|0.0|10.0|1.0|9.5|9.5
895|9|85|1731|658|1363|1707.5|74.2391304348|154.0|1497.0|1769.5|951.5|66.4882246377|2790.75
1205|7|8|174|106|4|278.0|92.6666666667|625.0|6648.0|7493.0|1261.0|84.9716981132|13510.5
1205|4|880|39|86|11833|-5791.5|-120.65625|761.0|9192.0|15269.0|1807.0|142.772727273|23557.5
1205|5|350|0|17|5092|-2529.0|-168.6|559.0|4473.0|7364.0|3612.0|99.3168316832|10031.0
201|10|14|68|359|1|426.5|47.3888888889|169.333333333|665.666666667|1899.66666667|1687.33333333|19.7074413863|1721.66666667
254|9|106|138|786|200|824.0|51.5|34.0|51.0|530.0|159.0|45.5909090909|501.5
49|7|83|3|62|133|-1.5|-0.214285714286|202.0|229.0|3357.0|1348.0|69.3333333333|2912.0
201|13|2|165|40|0|205.0|205.0|4.0|432.0|87.0|0.0|259.5|519.0
422|9|30|48|134|33|165.5|16.55|14.0|2.0|27.0|20.0|6.33333333333|19.0
422|8|50|0|0|109|-54.5|-6.8125|7.0|0.0|0.0|12.0|-6.0|-6.0
107|3|9|64|23|0|87.0|12.4285714286|670.0|13218.0|13965.0|9753.0|142.990384615|22306.5
87|16|9|15|115|0|130.0|26.0|147.0|217.0|935.0|682.0|24.5757575758|811.0
131|13|259|76|1004|2185|-12.5|-0.735294117647|289.5|1982.0|5286.5|1674.5|49.7615283267|6431.25
115|15|2|0|15|30|0.0|0.0|4.0|0.0|25.0|50.0|0.0|0.0
1467|3|38|54|586|98|591.0|45.4615384615|138.0|36.0|2469.0|61.0|60.3536585366|2474.5
115|12|5|18|50|9|63.5|31.75|52.0|126.0|859.0|112.0|44.2380952381|929.0
36|13|29|334|445|25|766.5|109.5|71.6666666667|356.666666667|1160.66666667|91.3333333333|59.4176809211|1471.66666667
1488|4|47|1862|1211|296|2925.0|172.058823529|124.0|577.0|1715.0|65.0|39.6403508772|2259.5
36|11|49|715|653|97|1319.5|131.95|641.75|11906.75|4663.75|1792.5|133.792681323|15674.25
87|3|12|0|221|14|214.0|23.7777777778|571.5|8454.5|13311.0|11030.5|133.653728893|16250.25
36|16|1274|191|619|587|516.5|28.6944444444|1836.5|2034.375|1479.375|2201.375|70.046245915|2413.0625
36|15|6|25|93|0|118.0|29.5|10.0|213.0|184.0|0.0|56.7142857143|397.0
161|16|116|206|1222|112|1372.0|85.75|2190.85714286|2912.42857143|2894.57142857|2827.85714286|77.7204359261|4393.07142857
1361|3|4|134|86|0|220.0|110.0|24.0|548.5|340.0|233.0|152.722222222|772.0
51|13|78|24|966|1641|169.5|7.36956521739|16.5|79.0|1034.0|949.0|104.09375|638.5
161|15|10|213|184|0|397.0|56.7142857143|38.5|628.5|1892.0|2722.5|106.4375|1159.25
714|13|1|0|12|26|-1.0|-1.0|159.0|843.0|9470.5|9959.0|144.984848485|5334.0
99|13|489|1540|12511|3604|12249.0|126.278350515|489.0|2559.5|5905.0|3699.5|81.0140692641|6614.75
808|11|2|33|35|0|68.0|68.0|10.0|176.0|159.0|0.0|67.0|335.0
79|15|19|113|130|66|210.0|35.0|280.0|1122.0|5490.0|448.0|74.2790697674|6388.0
254|8|41|51|85|73|99.5|12.4375|42.0|69.0|99.0|75.0|43.5|130.5
1116|10|22|20|469|90|444.0|55.5|758.0|6138.0|11257.0|441.0|104.087878788|17174.5
6|15|1502|44657|44948|80396|49407.0|152.490740741|133.0|488.25|2324.75|2806.25|61.9790741867|1409.875
6|14|158|799|1779|822|2167.0|42.4901960784|141.25|1005.0|1773.5|1509.875|56.6107855903|2023.5625
6|16|238|1530|3318|2156|3770.0|36.25|145.0|445.5|1704.33333333|1227.33333333|69.5193775169|1536.16666667
6|11|184|2902|3147|77|6010.5|139.779069767|21.0|200.0|2.0|18.0|32.1666666667|193.0
6|10|272|1964|3854|470|5583.0|47.313559322|526.714285714|4463.14285714|5603.42857143|1858.28571429|80.7188158203|9137.42857143
6|13|230|1120|1808|1166|2345.0|36.640625|139.571428571|1015.85714286|3296.85714286|1274.57142857|101.46167264|3675.42857143
6|12|89|935|776|118|1652.0|71.8260869565|1162.0|15610.0|21575.0|31335.0|69.6359223301|21517.5
404|9|2|3|1|2|3.0|3.0|4.0|6.0|19.0|62.0|-1.5|-6.0
441|7|98|5076|1879|0|6955.0|496.785714286|59.0|3922.0|985.0|0.0|613.375|4907.0
490|3|3|38|98|176|48.0|16.0|88.0|1137.0|1040.0|858.0|76.0|1748.0
338|16|2|0|10|1|9.5|9.5|79.0|59.0|951.0|1006.0|13.7027027027|507.0
535|13|8|18|292|0|310.0|77.5|10.0|30.0|321.0|0.0|70.2|351.0
1312|7|2|2|16|4|16.0|16.0|137.0|1164.0|2156.0|151.0|62.3942307692|3244.5
1191|6|134|1261|576|104|1785.0|357.0|296.0|3244.0|1146.0|0.0|548.75|4390.0
206|11|11|5225|31|5|5253.5|1050.7|26.5|59.0|425.0|26.0|37.0446428571|471.0
1157|9|2|0|2|0|2.0|1.0|455.0|8106.0|3027.0|75.0|149.939189189|11095.5
451|4|84|3234|5919|14|9146.0|653.285714286|516.0|3926.0|8813.0|4286.0|64.6097560976|10596.0
7|12|3|1|28|7|25.5|12.75|5.0|0.0|15.0|48.0|-2.25|-9.0
844|10|34|69|564|17|624.5|56.7727272727|631.0|8452.0|8150.0|7062.25|111.570484068|13070.875
844|12|5|32|102|0|134.0|134.0|653.0|3592.0|6393.0|1328.0|51.4972375691|9321.0
335|2|62|290|1704|52|1968.0|131.2|227.666666667|2219.33333333|14277.0|374.666666667|441.622558923|16309.0
335|3|85|235|253|585|195.5|12.21875|122.166666667|747.166666667|840.5|806.833333333|10.0673306506|1184.25
1012|10|4|27|141|1|167.5|83.75|55.5|92.0|654.5|59.5|42.3346394984|716.75
335|6|958|4526|6773|10879|5859.5|46.876|129.25|715.5|3907.25|6484.5|49.1235239055|1380.5
335|7|358|2742|3974|1657|5887.5|78.5|903.6|15830.6|9688.8|2657.6|504.54761685|24190.6
335|4|489|3175|5346|2833|7104.5|98.6736111111|1381.2|9037.8|18316.0|22706.2|238.208040967|16000.7
1316|7|7|14|159|1|172.5|43.125|2.0|0.0|10.0|1.0|9.5|9.5
335|9|53|241|969|151|1134.5|126.055555556|1056.0|5688.0|20565.0|5949.0|247.643617021|23278.5
517|11|10|176|159|0|335.0|67.0|2.0|33.0|35.0|0.0|68.0|68.0
808|5|120|233|1855|51|2062.5|62.5|2.0|1.0|18.0|0.0|19.0|19.0
1013|10|4|0|65|0|65.0|65.0|4.0|0.0|64.0|0.0|64.0|64.0
72|13|44|119|1101|0|1220.0|71.7647058824|96.0|489.0|2253.0|1545.0|93.7857142857|1969.5
72|16|120|542|868|1142|839.0|15.8301886792|208.0|567.0|1547.0|1481.0|21.1307692308|1373.5
72|15|24|36|1508|443|1322.5|330.625|39.0|85.5|1852.0|495.5|141.182692308|1689.75
195|14|42|72|794|449|641.5|40.09375|257.333333333|754.666666667|3239.66666667|5181.0|53.7314814815|1403.83333333
599|15|1|0|1|2|0.0|0.0|29.0|51.0|234.0|186.0|17.4545454545|192.0
195|16|52|1514|616|33|2113.5|117.416666667|216.0|1332.66666667|2235.66666667|1484.0|77.0312750601|2826.33333333
375|13|11|158|79|0|237.0|39.5|238.0|1027.0|1819.0|2077.0|100.416666667|1807.5
1609|3|11|587|514|0|1101.0|275.25|337.5|6738.0|7107.5|4877.0|198.370192308|11407.0
1330|4|23|71|349|9|415.5|46.1666666667|746.5|7935.5|17001.5|3793.5|200.828892372|23040.25
246|10|10|218|23|31|225.5|112.75|548.0|4866.0|7198.0|2188.5|114.279962547|10969.75
1431|4|23|15|162|20|167.0|41.75|22.0|0.0|98.0|221.0|-1.25|-12.5
873|3|31|97|208|470|70.0|5.0|43.0|2977.0|1030.0|3238.0|103.826086957|2388.0
1332|5|161|819|336|46|1132.0|45.28|61.0|152.0|673.0|14.0|58.4285714286|818.0
517|8|53|233|711|3|942.5|62.8333333333|40.0|321.0|1030.0|15.0|149.277777778|1343.5
1221|6|296|3244|1146|0|4390.0|548.75|134.0|1261.0|576.0|104.0|357.0|1785.0
1332|4|77|684|1297|16|1973.0|61.65625|761.0|9192.0|15269.0|1807.0|142.772727273|23557.5
1334|7|7|292|261|0|553.0|553.0|117.0|4862.0|2340.0|18.0|553.307692308|7193.0
1425|3|505|18184|9961|7863|24213.5|216.191964286|945.0|27912.5|7256.0|7379.0|267.854901661|31479.0
1334|5|17|113|421|2|533.0|266.5|345.0|4505.0|4692.0|1815.0|377.058415842|8289.5
1334|2|7|42|310|7|348.5|348.5|7.0|42.0|309.0|7.0|347.5|347.5
1435|4|10|4|149|0|153.0|51.0|761.0|9192.0|15269.0|1807.0|142.772727273|23557.5
93|2|243|3401|6584|55|9957.5|276.597222222|300.0|1299.0|6010.0|1089.0|150.322222222|6764.5
93|3|1345|19842|21110|5726|38089.0|260.883561644|111.333333333|2064.66666667|1884.66666667|1151.0|142.424206349|3373.83333333
93|4|732|6679|18734|5780|22523.0|258.885057471|1601.25|9579.75|16410.75|26044.75|89.7071896188|12968.125
93|6|1584|18817|13363|8803|27778.5|112.920731707|24.0|154.0|562.0|822.5|36.859375|304.75
93|7|952|5145|9172|6655|10989.5|54.1354679803|340.8|3246.8|3577.6|1082.0|219.542182256|6283.4
305|6|279|3359|9288|34|12630.0|233.888888889|741.5|4627.5|6940.0|2658.0|325.798850575|10238.5
305|4|209|2010|5096|1124|6544.0|218.133333333|317.0|8552.0|1454.0|84.0|524.421052632|9964.0
1252|7|202|229|3357|1348|2912.0|69.3333333333|346.571428571|5288.85714286|5742.14285714|1807.85714286|89.7398484177|10127.0714286
1252|4|36|90|677|46|744.0|57.2307692308|1.0|11.0|24.0|0.0|35.0|35.0
30|8|2|0|31|92|-15.0|-15.0|68.0|124.5|755.5|186.5|35.8735632184|786.75
626|7|153|2295|1802|2865|2664.5|106.58|611.0|10155.6666667|10724.6666667|3462.33333333|110.408739266|19149.1666667
626|6|1144|17459|8949|15971|18422.5|252.363013699|737.333333333|5367.66666667|6717.0|3420.66666667|152.624233716|10374.3333333
626|5|1582|9902|7901|13983|10811.5|140.409090909|970.0|9519.0|4034.0|6062.0|172.491803279|10522.0
626|4|1819|31334|6825|11026|32646.0|291.482142857|1171.5|18109.0|4997.5|8954.0|274.754380054|18629.5
626|3|1662|34233|12898|13708|40277.0|225.011173184|279.5|9658.0|5023.0|3966.0|255.908482143|12698.0
626|2|288|80161|3903|1389|83369.5|1029.25308642|190.0|23139.0|4657.5|6459.0|639.375|24567.0
305|9|50|1186|2295|0|3481.0|290.083333333|26.0|5089.0|7.0|0.0|509.6|5096.0
449|8|205|2672|6611|2377|8094.5|161.89|295.5|1872.33333333|6782.66666667|4575.66666667|158.42064574|6367.16666667
449|9|221|472|3856|8418|119.0|5.40909090909|306.75|1928.25|6638.5|4673.5|66.927375647|6230.0
1050|4|40|65|407|30|457.0|38.0833333333|761.0|9192.0|15269.0|1807.0|142.772727273|23557.5
93|9|402|1949|5684|622|7322.0|90.3950617284|786.0|10823.5|17023.0|10955.5|141.02647422|22368.75
449|3|94|66|2712|22|2767.0|172.9375|670.0|13218.0|13965.0|9753.0|142.990384615|22306.5
449|4|116|767|3254|18|4012.0|200.6|761.0|9192.0|15269.0|1807.0|142.772727273|23557.5
449|5|31|211|501|0|712.0|30.9565217391|559.0|4473.0|7364.0|3612.0|99.3168316832|10031.0
449|6|2|2|5|0|7.0|3.5|1477.0|9235.0|13363.0|5316.0|114.597701149|19940.0
130|16|5|4|40|2|43.0|43.0|56.6666666667|74.0|363.333333333|229.333333333|29.5808080808|322.666666667
169|16|2|6|2|0|8.0|4.0|10.0|20.0|19.0|20.0|5.8|29.0
344|8|3087|3290|4358|21818|-3261.0|-17.8196721311|640.0|519.0|2401.0|5829.0|0.0395683453237|5.5
344|9|426|263|766|3957|-949.5|-29.671875|27.6666666667|408.0|308.333333333|322.0|42.9700854701|555.333333333
637|13|87|159|1726|10|1880.0|170.909090909|24.0|51.0|471.0|3.0|173.5|520.5
637|12|22|21|509|0|530.0|88.3333333333|128.0|226.0|3373.0|0.0|71.98|3599.0
344|2|300|1299|6010|1089|6764.5|150.322222222|202.5|4559.5|4099.5|488.5|156.044181682|8414.75
344|3|1193|4701|16402|10972|15617.0|88.7329545455|2656.0|17249.0|29044.0|17344.0|70.9830188679|37621.0
1124|6|16|4|73|8|73.0|10.4285714286|546.0|2802.5|4093.0|5475.0|59.563|4158.0
1124|7|6|9|64|0|73.0|24.3333333333|18.0|1.0|47.0|206.0|-9.16666666667|-55.0
344|4|2700|12771|30336|31177|27518.5|90.8201320132|2811.5|16944.5|24191.0|50844.0|96.0169676214|15713.5
344|5|14|59|198|5|254.5|36.3571428571|559.0|4473.0|7364.0|3612.0|99.3168316832|10031.0
383|7|43|79|387|50|441.0|31.5|226.0|1125.0|6856.0|10922.0|61.4634146341|2520.0
147|10|9|7|126|17|124.5|41.5|491.0|3675.66666667|6391.66666667|1769.66666667|66.1138110445|9182.5
315|8|7|0|0|12|-6.0|-6.0|50.0|0.0|0.0|109.0|-6.8125|-54.5
315|9|14|2|27|20|19.0|6.33333333333|30.0|48.0|134.0|33.0|16.55|165.5
806|9|26|5089|7|0|5096.0|509.6|50.0|1186.0|2295.0|0.0|290.083333333|3481.0
869|2|7|42|309|7|347.5|347.5|7.0|42.0|310.0|7.0|348.5|348.5
224|16|19|38|88|120|66.0|13.2|542.0|3448.0|5399.0|4022.0|58.9310344828|6836.0
1120|6|200|2037|4426|2342|5292.0|196.0|1310.5|13347.0|11156.0|10643.5|183.480357424|19181.25
648|13|1|0|4|9|-0.5|-0.5|122.0|283.0|1944.0|267.0|32.7109375|2093.5
1120|4|273|3114|2898|72|5976.0|229.846153846|761.0|9192.0|15269.0|1807.0|142.772727273|23557.5
1120|5|740|11195|7269|55|18436.5|384.09375|559.0|4473.0|7364.0|3612.0|99.3168316832|10031.0
1120|3|252|737|3487|26|4211.0|323.923076923|670.0|13218.0|13965.0|9753.0|142.990384615|22306.5
420|3|10|40|330|333|203.5|203.5|571.5|8454.5|13311.0|11030.5|133.653728893|16250.25
1391|5|2|0|4|1|3.5|3.5|8.0|0.0|12.0|5.0|3.16666666667|9.5
1258|8|12|226|171|0|397.0|44.1111111111|44.5|492.5|725.5|273.0|60.553030303|1081.5
420|9|6|13|28|15|33.5|11.1666666667|31.0|46.0|443.0|15.0|48.15|481.5
420|8|4|0|26|2|25.0|25.0|32.0|47.0|80.0|99.0|6.45833333333|77.5
356|7|76|290|1226|68|1482.0|98.8|625.0|6648.0|7493.0|1261.0|84.9716981132|13510.5
356|6|122|483|1879|190|2267.0|87.1923076923|1418.5|14550.0|20420.0|5889.5|158.935947349|32025.25
356|5|46|218|569|239|667.5|51.3461538462|559.0|4473.0|7364.0|3612.0|99.3168316832|10031.0
356|4|52|421|1513|273|1797.5|128.392857143|761.0|9192.0|15269.0|1807.0|142.772727273|23557.5
553|10|1392|23473|9294|41|32746.5|564.594827586|1213.0|29389.0|3472.0|1507.0|258.931451613|32107.5
869|5|131|4537|2020|18|6548.0|654.8|288.0|2293.0|3892.5|1807.0|182.908415842|5282.0
310|12|2|7|41|0|48.0|48.0|42.0|96.0|665.0|295.0|30.675|613.5
596|5|84|1471|678|39|2129.5|236.611111111|559.0|4473.0|7364.0|3612.0|99.3168316832|10031.0
596|4|20|321|867|0|1188.0|132.0|761.0|9192.0|15269.0|1807.0|142.772727273|23557.5
596|7|2|6|13|0|19.0|9.5|625.0|6648.0|7493.0|1261.0|84.9716981132|13510.5
1054|7|31|17|908|574|638.0|106.333333333|1055.5|18182.0|18547.5|5116.0|154.847529384|34171.5
56|9|81|607|1249|1650|1031.0|93.7272727273|476.5|6182.5|9975.5|6796.5|161.007973734|12759.75
1292|7|11|127|8|5|132.5|26.5|625.0|6648.0|7493.0|1261.0|84.9716981132|13510.5
642|13|51|32|708|76|702.0|78.0|20.0|20.0|363.0|0.0|76.6|383.0
596|8|38|120|239|114|302.0|25.1666666667|56.5|162.5|600.5|141.0|42.1443965517|692.5
1128|9|2|2|2|0|4.0|2.0|1.0|1.0|1.0|0.0|2.0|2.0
645|8|7|5|95|75|62.5|20.8333333333|5.0|0.0|65.0|75.0|13.75|27.5
333|15|9|3|51|5|51.5|17.1666666667|3.0|1.0|22.0|0.0|23.0|23.0
589|2|5|8|121|0|129.0|64.5|146.5|3961.5|4899.5|5801.0|161.351190476|5960.5
66|8|7|136|310|69|411.5|411.5|386.2|2689.8|9193.4|5949.4|110.327219333|8908.5
66|9|177|1007|235|375|1054.5|50.2142857143|221.0|472.0|3856.0|8418.0|5.40909090909|119.0
362|9|1113|235|3342|5333|910.5|37.9375|39.5|8.0|91.0|195.0|-0.1875|1.5
483|10|91|60|1127|690|842.0|16.1923076923|380.0|3070.0|5640.5|220.5|65.0439393939|8600.25
483|13|26|12|92|66|71.0|11.8333333333|9.0|4.0|26.0|29.0|15.5|15.5
483|14|45|20|123|118|84.0|12.0|10.0|2.0|103.0|148.0|2.13636363636|31.0
753|6|2|2|2|0|4.0|2.0|154.0|1921.0|1795.0|614.0|66.8431372549|3409.0
275|3|14|107|174|27|267.5|66.875|11.0|10.0|118.0|18.0|29.75|119.0
495|11|3|105|71|0|176.0|176.0|6.0|46.0|136.0|0.0|91.0|182.0
1385|6|11|3|319|0|322.0|107.333333333|6.0|2.0|28.0|0.0|15.0|30.0
223|13|24|26|324|4|348.0|43.5|140.5|615.5|1819.0|1886.5|108.958333333|1491.25
109|7|52|270|926|514|939.0|104.333333333|109.0|166.5|1830.5|759.0|115.416666667|1617.5
109|6|64|300|897|791|801.5|61.6538461538|44.0|143.0|690.0|185.0|82.2777777778|740.5
109|9|146|146|3727|8315|-284.5|-35.5625|284.0|1729.0|7203.0|8704.0|59.9260644419|4580.0
109|8|10|2|122|60|94.0|31.3333333333|560.0|2456.0|10058.0|3483.0|97.0495495495|10772.5
36|7|297|738|2345|973|2596.5|103.86|153.0|2295.0|1802.0|2865.0|106.58|2664.5
36|5|362|4728|14889|15406|11914.0|170.2|147.333333333|1136.33333333|2184.33333333|50.3333333333|123.438502674|3295.5
66|15|622|3596|7525|1573|10334.5|116.117977528|207.666666667|554.666666667|1395.33333333|2110.0|81.8557692308|895.0
36|3|287|1644|6603|291|8101.5|368.25|345.25|5215.5|7234.5|2941.75|177.862726329|10979.125
279|6|7523|7|18622|37022|118.0|9.83333333333|1885.5|4617.5|9490.5|8344.5|45.882183908|9935.75
66|10|48|14|255|195|171.5|11.4333333333|217.0|241.0|4444.0|8263.0|14.5657894737|553.5
1406|2|162|1609|1777|0|3386.0|376.222222222|183.0|2637.0|2262.0|4.0|349.785714286|4897.0
595|10|1650|15824|11574|7711|23542.5|169.370503597|799.4|11157.8|8843.4|1110.8|130.861646233|19445.8
595|11|222|2897|2937|72|5798.0|148.666666667|121.0|874.0|1793.0|56.0|50.75|2639.0
31|15|280|1122|5490|448|6388.0|74.2790697674|19.0|113.0|130.0|66.0|35.0|210.0
199|16|17|74|275|0|349.0|58.1666666667|10.0|118.0|160.0|2.5|69.1875|276.75
36|8|40|321|1030|15|1343.5|149.277777778|355.5|4227.0|4527.0|1286.33333333|137.411130936|8110.83333333
85|4|100|445|1236|58|1652.0|47.2|438.333333333|4410.0|8148.66666667|2049.33333333|78.4712444568|11534.0
85|7|132|249|1384|1283|991.5|26.0921052632|586.25|9156.25|10219.0|2975.75|101.450279844|17887.375
1148|7|50|13|227|443|18.5|2.64285714286|153.0|2295.0|1802.0|2865.0|106.58|2664.5
85|3|66|181|1369|0|1550.0|70.4545454545|424.0|3013.0|8521.0|1050.0|129.517647059|11009.0
85|8|782|5374|17916|11467|17556.5|93.885026738|231.2|1642.2|5672.2|3669.8|173.850213985|5479.5
335|11|18|86|153|42|218.0|21.8|369.5|2087.5|3660.5|1776.5|123.509246575|4859.75
1054|3|28|32|247|0|279.0|19.9285714286|131.0|208.0|2263.0|215.0|42.2053571429|2363.5
1461|4|1|0|5|0|5.0|5.0|3.0|0.0|43.0|0.0|21.5|43.0
595|3|490|13737|6787|5025|18011.5|113.996835443|337.5|6619.5|7009.5|4876.5|108.995192308|11190.75
211|15|11|36|89|2|124.0|31.0|8.5|33.0|105.0|1.0|34.7|137.5
968|11|4|0|35|1|34.5|34.5|187.0|534.0|814.0|1001.0|24.2142857143|847.5
211|16|6|480|6|108|432.0|144.0|297.0|2481.0|3007.5|2027.5|88.1738505747|4474.75
456|12|27|21|335|2|355.0|29.5833333333|295.5|465.5|6017.0|3553.5|51.4929577465|4705.75
211|13|43|204|1819|1696|1175.0|117.5|92.3333333333|362.833333333|1422.83333333|949.0|76.541108631|1311.16666667
211|12|90|516|4544|4369|2875.5|119.8125|149.6|465.2|2921.6|2244.8|75.7987704002|2264.4
1453|5|6|4|18|2|21.0|10.5|169.0|262.0|1813.0|946.0|45.7714285714|1602.0
424|12|20|119|1402|168|1437.0|130.636363636|15.0|171.0|1602.0|28.0|195.444444444|1759.0
638|13|24|51|471|3|520.5|173.5|87.0|159.0|1726.0|10.0|170.909090909|1880.0
96|16|228|930|4014|376|4756.0|190.24|14.0|66.0|228.0|5.0|291.5|291.5
1129|9|1|1|1|0|2.0|2.0|2.0|2.0|2.0|0.0|2.0|4.0
66|12|267|1013|4405|2717|4059.5|82.8469387755|218.0|505.0|2976.0|4762.0|25.5813953488|1100.0
1635|2|189|36|36|1328|-592.0|-148.0|269.0|31.0|16.0|1364.0|-90.7142857143|-635.0
1465|3|46|45|294|92|293.0|36.625|670.0|13218.0|13965.0|9753.0|142.990384615|22306.5
412|13|28|79|1302|0|1381.0|197.285714286|125.0|595.5|1183.5|583.5|57.6640625|1487.25
1607|2|10|582|659|0|1241.0|248.2|127.5|4065.5|4507.0|5801.0|263.875|5672.0
115|9|34|51|530|159|501.5|45.5909090909|106.0|138.0|786.0|200.0|51.5|824.0
1140|6|15|90|756|5|843.5|168.7|16.0|96.0|820.0|4.0|152.333333333|914.0
77|14|18|4|205|291|63.5|5.77272727273|45.0|20.0|123.0|118.0|12.0|84.0
1457|3|86|5378|11697|28393|2878.5|52.3363636364|109.0|2829.0|2900.0|6383.0|52.4608843537|2537.5
94|12|37|26|1283|57|1280.5|91.4642857143|41.0|48.0|1024.0|119.0|84.375|1012.5
1339|6|454|14821|1029|26|15837.0|3167.4|502.5|5466.5|3625.5|1329.0|1773.81609195|8427.5
66|13|524|3919|10319|2902|12787.0|92.6594202899|146.857142857|751.857142857|2170.57142857|1575.14285714|61.1746553818|2134.85714286
64|9|693|10494|14996|9214|20883.0|88.1139240506|214.0|983.0|2935.0|451.5|47.8016975309|3692.25
479|3|93|48|1844|72|1856.0|80.6956521739|1663.0|15233.5|21504.5|13548.5|106.986701742|29963.75
56|10|20|621|599|548|946.0|105.111111111|791.25|8448.25|17719.0|6461.5|121.126046973|22936.5
1042|10|12|21|76|0|97.0|24.25|11.0|19.0|73.0|0.0|23.0|92.0
401|6|2|0|3|7|-0.5|-0.25|154.0|1921.0|1795.0|614.0|66.8431372549|3409.0
389|16|1|0|0|3|-1.5|-1.5|6.0|13.0|251.0|5.0|65.375|261.5
844|5|169|262|1813|946|1602.0|45.7714285714|6.0|4.0|18.0|2.0|10.5|21.0
844|4|268|230|3657|6283|745.5|16.5666666667|225.0|3418.0|5939.0|6414.0|136.666666667|6150.0
1052|10|8|20|77|0|97.0|24.25|27.0|536.0|116.0|65.0|36.4411764706|619.5
844|9|67|290|1688|56|1950.0|139.285714286|22.0|237.5|1147.0|9.5|161.666666667|1379.75
56|15|185|1618|2987|7053|1078.5|41.4807692308|115.0|647.25|3002.75|4149.5|141.386378205|1575.25
1171|5|2|15|24|2|38.0|38.0|572.0|1393.0|3042.0|235.0|56.8092105263|4317.5
341|14|6|15|161|0|176.0|176.0|424.0|791.0|6683.0|8868.0|33.7777777778|3040.0
147|5|60|385|710|13|1088.5|60.4722222222|207.0|1501.0|2681.66666667|1209.0|58.4472772277|3578.16666667
56|16|18|198|324|17|513.5|64.1875|73.0|162.0|1179.0|285.5|48.1948653199|1198.25
557|15|128|123|123|204|144.0|36.0|523.0|1952.5|3948.5|1127.0|71.1551426102|5337.5
573|15|18|0|180|0|180.0|20.0|2.0|0.0|21.0|0.0|21.0|21.0
287|15|90|492|637|127|1065.5|46.3260869565|1502.0|44657.0|44948.0|80396.0|152.490740741|49407.0
287|13|12|2|4|21|-4.5|-4.5|60.0|163.0|1063.0|884.0|65.3333333333|784.0
1024|9|879|11153|19050|12697|23854.5|193.93902439|140.75|943.5|1972.75|792.0|83.2998143831|2520.25
1024|8|398|6678|8481|4461|12928.5|263.846938776|40.0|321.0|1030.0|15.0|149.277777778|1343.5
92|11|7|73|248|0|321.0|160.5|90.3333333333|704.666666667|2694.0|503.333333333|233.068965517|3147.0
92|10|93|2391|3117|1361|4827.5|166.465517241|324.0|2899.5|5795.5|5853.0|121.500556019|5768.5
92|13|26|229|437|2|665.0|66.5|9.0|23.0|63.0|2.0|47.0|85.0
341|10|41|33|170|26|190.0|190.0|49.0|66.0|258.0|29.0|103.166666667|309.5
1014|10|4|0|64|0|64.0|64.0|4.0|0.0|65.0|0.0|65.0|65.0
92|14|12|189|253|14|435.0|87.0|81.0|399.5|955.5|413.0|53.7450980392|1148.5
1010|4|5132|25881|44679|99530|20795.0|71.2157534247|1103.0|7658.25|14529.75|10487.0|142.299245603|16944.5
109|14|127|496|916|30|1397.0|116.416666667|174.0|882.0|2434.5|1424.5|90.5422374429|2604.25
131|8|80|167|1135|12|1296.0|76.2352941176|100.0|235.0|1109.0|257.0|41.9137931034|1215.5
131|9|90|144|1532|0|1676.0|93.1111111111|74.0|1212.0|901.0|896.0|128.076923077|1665.0
479|13|1|10|14|0|24.0|24.0|55.0|45.0|254.0|447.0|6.86363636364|75.5
479|12|11|16|110|0|126.0|18.0|90.0|516.0|4544.0|4369.0|119.8125|2875.5
1114|5|16|294|473|2|766.0|85.1111111111|559.0|4473.0|7364.0|3612.0|99.3168316832|10031.0
396|11|1|3|33|0|36.0|36.0|17.0|31.0|616.0|0.0|71.8888888889|647.0
45|11|699|3836|15821|10318|14498.0|174.674698795|52.0|334.0|978.0|251.0|98.875|1186.5
349|16|44|20|1073|9|1088.5|181.416666667|122.0|771.5|1784.5|1080.5|50.8125|2015.75
45|13|258|1523|17878|19034|9884.0|224.636363636|96.0|565.2|1161.8|1057.6|79.2425925926|1198.2
1536|4|1|0|0|1|-0.5|-0.5|2.0|0.0|0.0|2.0|-0.5|-1.0
45|15|24|401|6584|8190|2890.0|240.833333333|71.0|1232.0|3691.0|5445.0|183.375|2200.5
45|14|56|785|11473|14414|5051.0|229.590909091|102.0|339.0|531.0|98.0|38.1819727891|821.0
6|9|232|4041|4945|1376|8298.0|106.384615385|1.0|0.0|0.0|1.0|-0.5|-0.5
131|7|35|88|280|38|349.0|29.0833333333|625.0|6648.0|7493.0|1261.0|84.9716981132|13510.5
672|5|113|80|6569|156|6571.0|172.921052632|751.5|7737.5|7251.5|4154.5|81.1175791882|12911.75
57|3|456|17763|11969|56|29704.0|291.215686275|1194.0|13885.0|16421.3333333|9035.0|177.015376919|25788.8333333
39|6|6|20|517|0|537.0|537.0|279.0|3359.0|9288.0|34.0|233.888888889|12630.0
1562|3|11|10|118|18|119.0|29.75|11.0|57.5|89.0|15.5|34.6875|138.75
59|13|9|11|229|0|240.0|60.0|651.0|11096.0|4192.0|679.0|109.113138686|14948.5
1325|4|18|0|59|23|47.5|3.65384615385|2.0|0.0|0.0|4.0|-1.0|-2.0
454|13|47|204|1032|0|1236.0|72.7058823529|43.0|152.0|602.0|15.0|41.4722222222|746.5
135|8|41|170|406|439|356.5|29.7083333333|640.0|519.0|2401.0|5829.0|0.0395683453237|5.5
454|15|10|6|1563|0|1569.0|313.8|185.0|1618.0|2987.0|7053.0|41.4807692308|1078.5
135|4|41|32|279|202|210.0|12.3529411765|761.0|9192.0|15269.0|1807.0|142.772727273|23557.5
135|7|31|69|283|274|215.0|23.8888888889|625.0|6648.0|7493.0|1261.0|84.9716981132|13510.5
313|8|13|90|92|25|169.5|42.375|38.0|120.0|239.0|114.0|25.1666666667|302.0
1471|3|30|831|366|466|964.0|241.0|39.75|546.0|505.25|258.25|113.561111111|922.125
441|15|10|61|166|0|227.0|45.4|11.0|36.0|89.0|2.0|31.0|124.0
34|4|317|8552|1454|84|9964.0|524.421052632|209.0|2010.0|5096.0|1124.0|218.133333333|6544.0
64|13|88|1506|4894|100|6350.0|288.636363636|37.0|229.666666667|612.666666667|497.0|130.186868687|593.833333333
115|8|42|69|99|75|130.5|43.5|41.0|51.0|85.0|73.0|12.4375|99.5
76|14|18|21|255|0|276.0|34.5|158.0|799.0|1779.0|822.0|42.4901960784|2167.0
779|9|122|1200|986|517|1927.5|53.5416666667|85.0|1731.0|658.0|1363.0|74.2391304348|1707.5
390|9|186|1794|2553|1386|3654.0|79.4347826087|85.0|1731.0|658.0|1363.0|74.2391304348|1707.5
520|11|121|874|1793|56|2639.0|50.75|123.0|1618.5|1522.5|82.0|99.4583333333|3100.0
520|12|17|63|284|21|336.5|42.0625|365.0|1828.0|3468.5|736.0|40.6375076734|4928.5
520|13|18|67|134|18|192.0|27.4285714286|596.666666667|1360.33333333|5512.66666667|3709.66666667|44.8924292472|5018.16666667
520|14|17|0|86|16|78.0|9.75|104.4|404.6|858.2|309.8|22.0478311394|1107.9
280|14|12|18|21|37|20.5|3.41666666667|158.0|799.0|1779.0|822.0|42.4901960784|2167.0
1347|3|92|3554|1216|12|4764.0|78.0983606557|340.5|6640.0|7152.5|5273.5|71.7451923077|11155.75
420|10|5|3|98|0|101.0|101.0|19.0|21.0|336.0|0.0|71.4|357.0
450|4|38|112|364|55|448.5|28.03125|308.0|2185.5|5024.5|2172.0|55.9048780488|6124.0
1031|6|16|176|64|0|240.0|30.0|4.0|6.0|20.0|0.0|13.0|26.0
753|3|136|1786|2717|733|4136.5|108.855263158|670.0|13218.0|13965.0|9753.0|142.990384615|22306.5
450|8|284|2712|10273|12163|6903.5|156.897727273|330.8|2174.6|7200.8|3530.6|161.247673878|7610.1
450|9|65|3427|2466|898|5444.0|209.384615385|452.0|3280.0|11296.0|5002.0|126.528858437|12075.0
181|15|3|54|13|0|67.0|67.0|1502.0|44657.0|44948.0|80396.0|152.490740741|49407.0
446|11|117|1712|4342|139|5984.5|206.362068966|172.5|569.25|2402.75|577.25|177.949652275|2683.375
38|15|3|1|22|0|23.0|23.0|9.0|3.0|51.0|5.0|17.1666666667|51.5
572|15|2|0|21|0|21.0|21.0|18.0|0.0|180.0|0.0|20.0|180.0
38|16|14|66|228|5|291.5|291.5|228.0|930.0|4014.0|376.0|190.24|4756.0
215|14|11|48|133|237|62.5|62.5|44.0|197.0|535.0|948.0|64.5|258.0
215|16|45|140|611|583|459.5|27.0294117647|1274.0|191.0|619.0|587.0|28.6944444444|516.5
655|7|25|56|257|23|301.5|43.0714285714|6.0|15.0|15.0|11.0|12.25|24.5
389|11|21|0|179|7|175.5|13.5|2.0|0.0|16.0|1.0|15.5|15.5
304|16|17|18|123|139|71.5|10.2142857143|192.5|873.5|2126.5|1419.0|30.4128787879|2290.5
205|8|17|15|200|118|156.0|22.2857142857|2.0|3.0|43.0|0.0|46.0|46.0
1080|6|44|143|690|185|740.5|82.2777777778|770.5|4767.5|7130.0|3053.5|88.1257736516|10370.75
109|11|149|315|3440|1371|3069.5|105.844827586|164.5|918.5|2628.25|269.25|203.07896262|3412.125
109|10|243|330|5210|8417|1331.5|36.9861111111|288.333333333|2013.33333333|5345.0|6656.33333333|85.8556338372|4030.16666667
109|13|115|1128|775|0|1903.0|190.3|13.0|12.0|608.0|0.0|124.0|620.0
109|15|340|888|4015|69|4868.5|131.581081081|44.0|618.0|1916.5|2728.5|115.020833333|1170.25
784|7|6|15|15|11|24.5|12.25|25.0|56.0|257.0|23.0|43.0714285714|301.5
465|14|50|16|264|127|216.5|21.65|37.0|399.0|176.0|111.0|30.5588235294|519.5
47|14|230|479|1917|4702|45.0|2.25|227.5|3188.0|2251.0|834.0|93.50390625|5022.0
161|9|94|261|1663|7|1920.5|174.590909091|139.5|2744.0|761.5|475.0|128.691176471|3268.0
341|3|1|0|0|1|-0.5|-0.5|670.0|13218.0|13965.0|9753.0|142.990384615|22306.5
1493|4|2|0|0|2|-1.0|-0.5|1.0|0.0|0.0|1.0|-0.5|-0.5
28|13|4|0|15|34|-2.0|-2.0|128.0|695.0|891.0|1585.0|33.0625|793.5
476|15|396|709|48326|97765|152.5|3.91025641026|54.3333333333|856.0|1453.66666667|1815.0|111.496212121|1402.16666667
1467|4|13|18|119|22|126.0|12.6|86.0|406.0|660.0|327.0|30.0833333333|902.5
47|16|10|16|78|4|92.0|30.6666666667|20.0|28.5|223.0|0.0|41.875|251.5
211|7|28|257|262|184|427.0|71.1666666667|196.5|661.5|3316.0|486.5|58.4537037037|3734.25
1491|4|11|1455|9|0|1464.0|1464.0|108.0|14504.0|72.0|0.0|1214.66666667|14576.0
47|11|187|534|814|1001|847.5|24.2142857143|717.0|3745.33333333|6339.66666667|1961.33333333|58.8618229185|9104.33333333
279|7|75|139|1558|777|1308.5|48.462962963|173.0|720.5|2668.0|190.0|69.8055555556|3293.5
60|14|53|16|1470|2173|399.5|24.96875|118.0|994.0|1119.0|1973.0|125.166666667|1126.5
648|14|6|0|16|19|6.5|1.625|74.6666666667|241.666666667|897.333333333|176.666666667|23.1124108734|1050.66666667
458|6|4|14|44|0|58.0|29.0|1477.0|9235.0|13363.0|5316.0|114.597701149|19940.0
211|8|2|2|25|18|18.0|18.0|68.0|3440.0|556.0|529.0|533.071428571|3731.5
458|5|22|19|735|21|743.5|57.1923076923|291.5|2261.5|3762.0|1807.5|62.6896658416|5119.75
1459|3|18|266|314|0|580.0|64.4444444444|17.0|482.5|226.0|233.0|175.5|592.0
1459|2|165|1387|2183|0|3570.0|324.545454545|183.0|2637.0|2262.0|4.0|349.785714286|4897.0
1459|4|8|24|121|5|142.5|142.5|8.0|44.0|112.0|5.0|153.5|153.5
383|4|23|263|399|0|662.0|73.5555555556|179.0|3668.0|7810.0|14.0|152.946666667|11471.0
584|9|15|0|997|0|997.0|199.4|18.0|0.0|933.0|0.0|155.5|933.0
594|15|1|0|0|1|-0.5|-0.5|4.0|8.0|70.0|1.0|38.75|77.5
198|13|128|695|891|1585|793.5|33.0625|4.0|0.0|15.0|34.0|-2.0|-2.0
198|12|191|1866|5270|10668|1802.0|24.0266666667|30.0|196.0|232.0|6.0|47.2222222222|425.0
155|8|68|3440|556|529|3731.5|533.071428571|55.5|1713.5|502.5|496.5|124.220588235|1967.75
198|10|1025|10359|6382|2950|15266.0|160.694736842|352.0|2312.0|1658.33333333|868.333333333|63.4895900755|3536.16666667
1316|4|2|0|0|4|-2.0|-1.0|18.0|0.0|59.0|23.0|3.65384615385|47.5
496|11|6|46|136|0|182.0|91.0|3.0|105.0|71.0|0.0|176.0|176.0
463|16|6|4|179|94|136.0|45.3333333333|1274.0|191.0|619.0|587.0|28.6944444444|516.5
463|12|4|5|143|0|148.0|74.0|22.0|49.5|362.0|147.5|46.3375|337.75
80|13|5|0|83|1|82.5|82.5|51.0|48.0|428.0|45.0|34.8846153846|453.5
386|16|1|2|2|0|4.0|4.0|8.0|12.0|137.0|0.0|21.2857142857|149.0
975|3|73|2731|2200|0|4931.0|214.391304348|378.0|6798.0|7103.0|4963.0|82.1451923077|11419.5
1177|6|240|8574|2966|63|11508.5|575.425|121.0|5992.33333333|1177.33333333|14.6666666667|930.844771242|7162.33333333
1177|7|117|4862|2340|18|7193.0|553.307692308|187.75|2985.5|2258.0|440.75|473.946049528|5023.125
1177|5|4|4|58|0|62.0|62.0|15.0|18.0|138.0|0.0|31.2|156.0
537|14|75|167|803|534|703.0|54.0769230769|20.0|17.0|243.0|1.0|64.875|259.5
49|14|9|2|1317|2|1318.0|329.5|7.0|3.0|1317.0|0.0|1320.0|1320.0
49|11|21|200|2|18|193.0|32.1666666667|96.0|1501.0|1574.0|41.5|118.889534884|3054.25
49|10|27|536|116|65|619.5|36.4411764706|30.0|312.333333333|854.666666667|11.3333333333|49.8209876543|1161.33333333
49|13|55|45|254|447|75.5|6.86363636364|416.5|2158.75|5223.5|2735.25|46.0416376037|6014.625
779|10|149|206|409|228|501.0|33.4|1025.0|10359.0|6382.0|2950.0|160.694736842|15266.0
1388|6|3|0|9|18|0.0|0.0|1477.0|9235.0|13363.0|5316.0|114.597701149|19940.0
846|3|138|36|2469|61|2474.5|60.3536585366|38.0|54.0|586.0|98.0|45.4615384615|591.0
403|2|26|705|1230|2|1934.0|80.5833333333|251.0|7871.0|8760.0|11602.0|270.75|10830.0
403|3|305|3111|3805|339|6746.5|95.0211267606|271.25|4518.5|5462.75|3466.75|156.821305393|8247.875
663|7|256|951|1330|1097|1732.5|55.8870967742|788.5|5896.5|8332.5|3958.0|69.5535830468|12250.0
663|4|377|14090|15264|39|29334.5|407.423611111|585.0|11081.5|15480.0|921.0|248.204264871|26101.0
663|3|256|11188|6255|8|17439.0|317.072727273|563.0|15490.5|12967.0|4904.5|217.103035445|26005.25
545|13|82|52|1270|165|1239.5|45.9074074074|575.333333333|1365.33333333|5134.0|3660.66666667|38.7328172542|4669.0
545|12|77|64|544|144|536.0|29.7777777778|335.0|1827.5|3338.5|674.5|46.7798687845|4828.75
751|9|31|46|443|15|481.5|48.15|6.0|13.0|28.0|15.0|11.1666666667|33.5
66|14|413|6304|3708|1219|9402.5|146.9140625|194.0|639.0|1848.0|2762.0|22.3700980392|1106.0
473|4|29|25|775|34|783.0|60.2307692308|761.0|9192.0|15269.0|1807.0|142.772727273|23557.5
1241|6|45|24|712|7|732.5|40.6944444444|1477.0|9235.0|13363.0|5316.0|114.597701149|19940.0
1537|4|2|10|69|0|79.0|79.0|86.0|406.0|660.0|327.0|30.0833333333|902.5
46|16|16|27|140|0|167.0|41.75|17.0|23.0|192.0|2.0|36.3333333333|214.0
1259|6|2|4|13|0|17.0|8.5|1477.0|9235.0|13363.0|5316.0|114.597701149|19940.0
519|3|131|927|1643|715|2212.5|105.357142857|670.0|13218.0|13965.0|9753.0|142.990384615|22306.5
519|6|11|22|79|53|74.5|14.9|1477.0|9235.0|13363.0|5316.0|114.597701149|19940.0
519|5|142|782|1253|225|1922.5|66.2931034483|559.0|4473.0|7364.0|3612.0|99.3168316832|10031.0
370|15|4|0|42|89|-2.5|-2.5|4.0|0.0|43.0|91.0|-2.5|-2.5
1396|6|13|16|78|0|94.0|18.8|1477.0|9235.0|13363.0|5316.0|114.597701149|19940.0
991|10|84|1390|1981|3|3369.5|160.452380952|461.5|3388.5|6162.0|546.5|69.7362470862|9277.25
1364|6|155|979|1091|225|1957.5|36.9339622642|1477.0|9235.0|13363.0|5316.0|114.597701149|19940.0
66|11|5|87|300|0|387.0|387.0|91.0|700.0|2676.66666667|503.333333333|157.568965517|3125.0
87|5|123|305|1556|34|1844.0|59.4838709677|39.0|1148.0|164.0|4.0|218.333333333|1310.0
911|4|10|2|229|26|218.0|54.5|1.0|0.0|0.0|13.0|-6.5|-6.5
60|13|51|48|428|45|453.5|34.8846153846|5.0|0.0|83.0|1.0|82.5|82.5
1472|2|7|8|120|0|128.0|32.0|183.0|2637.0|2262.0|4.0|349.785714286|4897.0
751|8|32|47|80|99|77.5|6.45833333333|4.0|0.0|26.0|2.0|25.0|25.0
279|12|208|1464|973|530|2172.0|77.5714285714|250.0|3375.0|4925.0|1844.0|78.4893617021|7378.0
279|11|42|9|754|1438|44.0|3.66666666667|4.0|18.0|2.0|2.0|9.5|19.0
279|8|8|10|204|0|214.0|107.0|100.0|235.0|1109.0|257.0|41.9137931034|1215.5
525|3|12|0|333|0|333.0|111.0|670.0|13218.0|13965.0|9753.0|142.990384615|22306.5
358|14|2|0|1|5|-1.5|-1.5|45.0|20.0|123.0|118.0|12.0|84.0
1268|7|2|0|10|1|9.5|9.5|7.0|14.0|159.0|1.0|43.125|172.5
751|3|56|24|825|11|843.5|33.74|85.0|235.0|253.0|585.0|12.21875|195.5
751|4|774|2646|6665|1553|8534.5|89.8368421053|86.0|406.0|660.0|327.0|30.0833333333|902.5
751|5|572|1393|3042|235|4317.5|56.8092105263|2.0|15.0|24.0|2.0|38.0|38.0
751|6|535|4831|2362|2604|5891.0|147.275|941.0|9097.33333333|8625.66666667|7391.33333333|145.713320044|14027.3333333
1458|5|8|16|44|10|55.0|27.5|228.5|2457.5|8141.5|7710.0|131.394117647|6744.0
429|9|1056|5688|20565|5949|23278.5|247.643617021|58.5|3028.0|1031.5|75.5|278.934027778|4021.75
36|9|74|1212|901|896|1665.0|128.076923077|264.333333333|3782.0|3813.83333333|3162.66666667|215.876219824|6014.5
763|4|3|0|43|0|43.0|21.5|1.0|0.0|5.0|0.0|5.0|5.0
246|9|38|8|88|195|-1.5|-1.5|577.0|121.5|1718.0|2764.0|19.53125|457.5
1523|3|245|887|199|3164|-496.0|-70.8571428571|69.6666666667|230.0|145.333333333|637.333333333|-7.42708333333|56.6666666667
518|15|54|699|401|0|1100.0|68.75|396.0|709.0|48326.0|97765.0|3.91025641026|152.5
74|6|19|26|185|0|211.0|23.4444444444|1477.0|9235.0|13363.0|5316.0|114.597701149|19940.0
456|5|113|420|2497|250|2792.0|73.4736842105|559.0|4473.0|7364.0|3612.0|99.3168316832|10031.0
456|6|202|598|3565|887|3719.5|70.179245283|535.0|4831.0|2362.0|2604.0|147.275|5891.0
254|15|4|0|25|50|0.0|0.0|2.0|0.0|15.0|30.0|0.0|0.0
254|12|52|126|859|112|929.0|44.2380952381|17.5|41.5|337.5|174.0|29.5723684211|292.0
495|8|80|488|2028|42|2495.0|124.75|100.0|235.0|1109.0|257.0|41.9137931034|1215.5
147|6|48|1165|1813|4|2976.0|175.058823529|742.5|4761.5|6797.0|2658.0|143.798850575|10229.5
1409|5|3|0|39|98|-10.0|-10.0|6.0|0.0|81.0|199.0|-9.25|-18.5
155|9|103|4705|1322|784|5635.0|402.5|264.0|5468.0|1274.0|950.0|122.882352941|6267.0
456|9|140|739|2860|578|3310.0|47.9710144928|8.0|10.0|64.0|10.0|34.5|69.0
1409|3|164|3938|1422|1364|4678.0|95.4693877551|70.0|3549.0|8037.5|19897.5|30.8943722944|1637.75
161|11|1|0|1|7|-2.5|-2.5|38.0|331.0|146.0|21.0|116.625|466.5
1533|4|1|0|0|13|-6.5|-6.5|10.0|2.0|229.0|26.0|54.5|218.0
601|7|12|579|142|0|721.0|240.333333333|1353.0|14280.0|14316.0|4031.0|111.215481172|26580.5
468|7|47|1666|379|99|1995.5|249.4375|271.333333333|4948.66666667|3577.33333333|560.666666667|548.884796807|8245.66666667
118|16|28|163|1745|0|1908.0|136.285714286|238.0|1530.0|3318.0|2156.0|36.25|3770.0
384|12|41|48|1024|119|1012.5|84.375|37.0|26.0|1283.0|57.0|91.4642857143|1280.5
1123|3|228|21592|1614|1050|22681.0|310.698630137|587.5|15701.0|11963.0|8808.0|179.591174451|23260.0
1123|2|129|38407|555|1316|38304.0|1008.0|269.5|44016.0|6331.5|6495.5|650.00154321|47099.75
51|14|111|134|823|738|588.0|12.0|291.0|1298.0|1575.0|1015.0|30.3269230769|2365.5
51|15|88|41|463|180|414.0|21.7894736842|87.0|83.5|827.5|136.5|36.1318181818|842.75
51|16|100|70|1302|322|1211.0|28.1627906977|139.5|981.5|1366.0|987.75|80.5606060606|1853.625
51|10|474|1704|1646|1190|2755.0|61.2222222222|689.0|15014.0|2269.5|1079.5|147.158033499|16743.75
51|12|228|108|1971|4089|34.5|0.638888888889|653.0|3592.0|6393.0|1328.0|51.4972375691|9321.0
191|9|75|6862|254|597|6817.5|486.964285714|54.5|2437.5|466.5|485.5|292.632211538|2661.25
1378|4|11|0|89|0|89.0|14.8333333333|291.0|2402.0|4399.0|177.0|268.5|6712.5
668|10|49|66|258|29|309.5|103.166666667|24.0|22.0|127.0|14.0|118.5|142.0
668|13|2|2|10|0|12.0|12.0|6.0|6.0|30.0|0.0|12.0|36.0
217|3|4|2|38|0|40.0|13.3333333333|31.0|43.0|463.0|0.0|46.0|506.0
1191|7|180|1409|1158|41|2546.5|181.892857143|625.0|6648.0|7493.0|1261.0|84.9716981132|13510.5
1191|4|8|44|112|5|153.5|153.5|8.0|24.0|121.0|5.0|142.5|142.5
1191|5|95|187|1394|14|1574.0|92.5882352941|185.0|2372.0|7466.5|7708.0|98.85|5984.5
1191|3|9|20|126|7|142.5|142.5|79.0|1297.5|930.5|746.0|189.15|1855.0
217|5|6|0|2|4|0.0|0.0|559.0|4473.0|7364.0|3612.0|99.3168316832|10031.0
217|4|56|19|6959|0|6978.0|581.5|625.0|6183.5|10307.5|2320.0|120.723169192|15331.0
411|9|8|10|64|10|69.0|34.5|140.0|739.0|2860.0|578.0|47.9710144928|3310.0
165|6|321|1471|13058|24216|2421.0|78.0967741935|958.0|4526.0|6773.0|10879.0|46.876|5859.5
16|15|357|946|6371|9960|2337.0|35.9538461538|386.666666667|8452.33333333|9689.5|15778.8333333|96.563750401|10252.4166667
16|14|424|791|6683|8868|3040.0|33.7777777778|85.0|1070.28571429|776.0|610.142857143|104.409624427|1541.21428571
16|16|359|1998|4473|1202|5870.0|55.3773584906|234.333333333|1296.0|2134.33333333|1568.0|52.1689306862|2646.33333333
16|11|1618|9434|13361|4945|20322.5|83.6316872428|187.0|534.0|814.0|1001.0|24.2142857143|847.5
16|10|1036|8424|14254|4187|20584.5|115.643258427|442.454545455|4152.81818182|8378.90909091|3452.27272727|103.922544824|10805.5909091
16|13|467|430|1707|2711|781.5|7.51442307692|463.5|2418.5|5323.5|2927.0|98.9712121212|6278.5
16|12|1431|9558|26793|7649|32526.5|256.114173228|127.0|1271.33333333|2346.66666667|1853.66666667|52.4916919959|2691.16666667
31|8|560|2456|10058|3483|10772.5|97.0495495495|198.571428571|1592.42857143|5198.57142857|3770.42857143|137.48855435|4905.78571429
31|9|557|3574|12042|1014|15109.0|138.614678899|211.0|2295.0|5624.0|6102.0|109.745581423|4868.0
589|5|31|18|402|13|413.5|22.9722222222|559.0|4473.0|7364.0|3612.0|99.3168316832|10031.0
467|13|13|12|608|0|620.0|124.0|115.0|1128.0|775.0|0.0|190.3|1903.0
1636|2|90|683|5323|27|5992.5|352.5|177.5|2483.0|16601.0|30.0|476.622727273|19069.0
31|3|424|3013|8521|1050|11009.0|129.517647059|41.5|127.0|803.0|0.0|86.8939393939|930.0
31|4|516|3926|8813|4286|10596.0|64.6097560976|230.142857143|3026.42857143|3762.71428571|1076.85714286|185.408448|6250.71428571
31|5|456|3385|6709|3939|8124.5|80.4405940594|559.0|4473.0|7364.0|3612.0|99.3168316832|10031.0
31|6|1360|19865|27477|6463|44110.5|203.274193548|799.5|4859.0|7621.0|2753.0|100.895004421|11103.5
31|7|1486|29716|29602|8971|54832.5|224.723360656|250.166666667|2030.0|3153.0|1498.0|78.6350783405|4434.0
495|13|45|207|1090|0|1297.0|129.7|467.0|430.0|1707.0|2711.0|7.51442307692|781.5
31|13|309|2083|9129|6017|8203.5|100.042682927|377.0|2519.5|6063.5|2034.0|64.6500226449|7566.0
31|10|470|1937|5516|4815|5045.5|46.2889908257|149.0|1378.4|3841.0|4986.6|92.4236855854|2726.1
31|11|529|1802|5623|938|6956.0|58.4537815126|151.0|853.666666667|2865.33333333|837.0|112.140394089|3300.5
31|16|118|186|1738|3426|211.0|6.02857142857|192.5|873.5|2126.5|1419.0|30.4128787879|2290.5
31|14|230|770|3750|876|4082.0|55.9178082192|127.0|496.0|916.0|30.0|116.416666667|1397.0
595|9|255|313|2290|233|2486.5|46.0462962963|356.0|1303.5|3964.0|760.0|39.7483708933|4887.5
595|6|370|69|2176|557|1966.5|89.3863636364|238.0|650.0|3448.0|570.0|63.55|3813.0
595|4|2115|31512|9477|17831|32073.5|302.580188679|1290.0|20263.0|11047.0|6416.5|217.127435065|28101.75
595|5|970|9519|4034|6062|10522.0|172.491803279|1070.5|7187.5|7632.5|8797.5|119.862961296|10421.25
1|12|1038|8283|10538|12529|12556.5|86.0034246575|119.0|421.0|1831.0|3715.0|18.7857142857|394.5
203|7|5|1|76|1|76.5|38.25|260.666666667|2762.66666667|3439.0|486.666666667|95.7886429608|5958.33333333
517|6|2294|0|5618|11373|-68.5|-22.8333333333|4500.0|4621.0|15992.5|21169.0|62.2155172414|10029.0
147|8|88|174|1146|183|1228.5|38.390625|100.0|235.0|1109.0|257.0|41.9137931034|1215.5
401|8|2|16|49|0|65.0|65.0|560.0|2456.0|10058.0|3483.0|97.0495495495|10772.5
329|16|5|0|36|0|36.0|36.0|1274.0|191.0|619.0|587.0|28.6944444444|516.5
56|11|7|617|379|0|996.0|249.0|77.0|110.5|3861.0|1807.5|104.783182504|3067.75
401|5|2|0|43|0|43.0|43.0|60.0|385.0|710.0|13.0|60.4722222222|1088.5
56|13|96|489|2253|1545|1969.5|93.7857142857|210.444444444|1007.0|3446.66666667|1737.88888889|94.9005398479|3584.72222222
56|12|119|421|1831|3715|394.5|18.7857142857|631.4|3855.6|10824.4|6407.6|130.183202676|11476.2
147|7|137|1164|2156|151|3244.5|62.3942307692|163.0|1781.75|2063.25|328.5|69.8054245283|3680.75
56|14|37|399|176|111|519.5|30.5588235294|113.25|800.25|1051.125|398.125|39.3375522621|1652.3125
1171|6|46|308|1085|1643|571.5|35.71875|850.0|7803.0|6768.0|6560.66666667|92.2655772358|11290.6666667
1171|7|71|249|497|282|605.0|25.2083333333|722.25|5823.0|8579.5|5816.25|76.3285909465|11494.375
195|3|804|11680|13649|12|25323.0|351.708333333|571.5|8454.5|13311.0|11030.5|133.653728893|16250.25
773|8|8|204|398|0|602.0|150.5|2.0|49.0|58.0|0.0|107.0|107.0
773|9|39|783|2710|0|3493.0|218.3125|7.0|134.0|468.0|0.0|244.0|602.0
195|4|179|3668|7810|14|11471.0|152.946666667|23.0|263.0|399.0|0.0|73.5555555556|662.0
405|9|35|3663|32|75|3657.5|457.1875|74.5|4037.0|577.5|746.5|307.520604396|4241.25
1001|5|7|7|7|0|14.0|2.0|559.0|4473.0|7364.0|3612.0|99.3168316832|10031.0
195|8|230|461|3561|4082|1981.0|56.6|640.0|519.0|2401.0|5829.0|0.0395683453237|5.5
1573|2|183|2637|2262|4|4897.0|349.785714286|111.333333333|1001.33333333|1360.0|0.0|244.255892256|2361.33333333
1595|3|4|0|20|2|19.0|9.5|670.0|13218.0|13965.0|9753.0|142.990384615|22306.5
186|8|7|127|61|0|188.0|31.3333333333|47.0|542.0|780.5|273.0|66.9419191919|1186.0
652|9|6|128|392|0|520.0|260.0|23.5|461.5|1627.0|0.0|223.15625|2088.5
186|6|468|5112|5111|50|10198.0|188.851851852|92.5|1261.5|977.5|41.0|146.152777778|2218.5
186|5|58|241|501|129|677.5|26.0576923077|227.0|1705.33333333|3044.0|1279.0|65.6840419336|4109.83333333
98|7|52|177|815|127|928.5|46.425|316.5|3364.0|3787.5|630.5|82.9858490566|6836.25
186|3|86|378|241|173|532.5|21.3|371.5|7974.5|8082.5|4876.5|178.690844482|13618.75
450|10|178|3862|6075|6891|6491.5|196.712121212|255.75|1224.75|4571.75|5714.0|66.076602163|2939.5
895|12|30|196|232|6|425.0|47.2222222222|191.0|1866.0|5270.0|10668.0|24.0266666667|1802.0
895|10|6|214|20|162|153.0|76.5|30.0|1006.0|1039.0|386.0|185.2|1852.0
47|3|140|22547|14716|29059|22733.5|649.528571429|670.0|13218.0|13965.0|9753.0|142.990384615|22306.5
825|13|6|42|35|0|77.0|25.6666666667|13.0|87.0|1509.0|1897.0|129.5|647.5
225|16|44|42|748|10|785.0|87.2222222222|2705.66666667|2972.33333333|2515.0|3517.0|78.4581228956|3728.83333333
1161|5|61|152|673|14|818.0|58.4285714286|161.0|819.0|336.0|46.0|45.28|1132.0
563|9|455|8106|3027|75|11095.5|149.939189189|14.0|8.5|94.0|140.5|3.10416666667|32.25
563|8|544|9315|2997|165|12229.5|138.971590909|40.0|321.0|1030.0|15.0|149.277777778|1343.5
275|14|8|88|76|2|163.0|40.75|235.0|53.0|2710.0|5381.0|10.3571428571|72.5
1448|5|39|63|43|175|18.5|2.3125|559.0|4473.0|7364.0|3612.0|99.3168316832|10031.0
1472|3|128|1764|1495|1026|2746.0|137.3|19.5|425.5|246.0|236.5|191.75|553.25
135|14|191|2721|1131|949|3377.5|64.9519230769|223.0|465.5|3429.0|4443.5|35.9826388889|1672.75
135|13|273|320|4095|4860|1985.0|38.1730769231|24.0|19.0|119.0|80.0|14.0|98.0
135|11|138|250|939|2019|179.5|7.18|112.0|193.0|4448.0|160.0|116.948717949|4561.0
285|13|10|30|321|0|351.0|70.2|5.0|12.5|164.5|0.0|60.75|177.0
495|5|8|0|12|5|9.5|3.16666666667|2.0|0.0|4.0|1.0|3.5|3.5
644|8|5|0|65|75|27.5|13.75|7.0|5.0|95.0|75.0|20.8333333333|62.5
599|14|7|17|74|54|64.0|64.0|137.0|226.5|1565.0|337.0|25.3188920455|1623.0
644|4|225|3418|5939|6414|6150.0|136.666666667|450.75|3558.0|7827.75|3197.5|91.7585329528|9787.0
644|3|259|5160|4596|3040|8236.0|235.314285714|709.0|10431.5|11071.5|3069.5|207.420947489|19968.25
1080|7|16|104|304|170|323.0|161.5|127.0|249.5|2141.5|931.0|86.8333333333|1925.5
316|10|7|11|84|2|94.0|47.0|49.0|66.0|258.0|29.0|103.166666667|309.5
49|15|4|8|70|1|77.5|38.75|1.0|0.0|0.0|1.0|-0.5|-0.5
537|15|65|163|667|408|626.0|78.25|150.0|210.0|1062.0|1533.0|18.7222222222|505.5
222|16|7|0|183|8|179.0|44.75|4.0|0.0|122.0|4.0|60.0|120.0
1374|6|16|42|57|0|99.0|14.1428571429|1477.0|9235.0|13363.0|5316.0|114.597701149|19940.0
