committer_id|binnumber_2months|num_files|total_code_added|total_code_change|total_code_del|sum_net_contr|avg_net_contr|mean_neighbr_files|mean_neighbr_code_add|mean_neighbr_code_change|mean_neighbr_code_del|mean_neighbr_avg_avg_netcontr|mean_neighbr_avg_sum_netcontr|num_of_blueprints_per_bin|num_of_bugs_per_bin|dummy_bug_o_blueprint
1|8|109|3425|980|975|3917.5|230.4412|68|3440|556|529|533.0714|3731.5|17|0|0
1|9|264|5468|1274|950|6267|122.8824|98.5|2483|1492.5|395.5|288.5454|3777.75|51|0|0
1|10|216|814|1455|174|2182|114.8421|38|172|932|292|47.9|958|18|0|0
1|11|690|3460|6668|3456|8400|115.0685|33.5|400.5|403|69.5|76.875|768.75|73|0|0
1|12|1038|8283|10538|12529|12556.5|86.00343|119|421|1831|3715|18.78572|394.5|146|0|0
1|13|882|4630|9557|5854|11260|68.24242|306.5|2276.667|3579|1500.5|61.48491|5105.417|135|30|2
1|14|161|4205|2349|1318|5895|155.1316|229|4381|3482|1920|115.9347|6903|24|14|2
1|15|599|10869|9121|5021|17479.5|108.5683|27|616|273|3|88.75|887.5|160|0|0
1|16|542|3448|5399|4022|6836|58.93103|97.28571|794.2857|1214.571|517.8571|52.28486|1749.929|90|26|2
5|9|26|17|186|281|62.5|5.208333|385|6200|6041|3099|87.35104|10691.5|0|11|1
5|10|165|639|1067|652|1380|35.38462|621|7455.7|4827.7|1348.7|116.7849|11609.05|5|34|2
5|11|||||||||||||9|0|0
5|12|42|96|665|295|613.5|30.675|192.375|2691|3821.875|4215.25|123.6903|4405.25|13|7|2
5|13|238|1027|1819|2077|1807.5|100.4167|211.5|983.7|3687.7|3521.7|107.0024|2910.55|8|10|2
5|14|235|53|2710|5381|72.5|10.35714|63|541|597.5|987.5|82.95834|644.75|4|3|2
5|15|33|12|325|66|304|30.4|240|2703.667|1562.333|544|84.09734|3994|0|9|1
5|16|121|665|595|1080|720|144|3705.5|4235|3265|4789.25|80.8914|5105.375|2|3|2
6|2|299|1695|5493|178|7099|244.7931|251|7871|8760|11602|270.75|10830|0|29|1
6|3|131|208|2263|215|2363.5|42.20536|23|29|202|1.5|19.03929|230.25|0|56|1
6|4|86|406|660|327|902.5|30.08333|426.1667|3966.667|5773|1637.667|84.93958|8920.833|6|24|2
6|5|257|129|788|1515|159.5|3.625|58|22|663|17|37.58333|676.5|25|19|2
6|6|154|1921|1795|614|3409|66.84314|2|1|2.5|3.5|.875|1.75|44|7|2
6|7|226|1125|6856|10922|2520|61.46341|57|164|442|166|28.35417|523|8|33|2
6|8|||||||||||||38|26|2
6|9|232|4041|4945|1376|8298|106.3846|1|0|0|1|-.5|-.5|36|42|2
6|10|272|1964|3854|470|5583|47.31356|526.7143|4463.143|5603.429|1858.286|80.71882|9137.429|38|80|2
6|11|184|2902|3147|77|6010.5|139.7791|21|200|2|18|32.16667|193|21|22|2
6|12|89|935|776|118|1652|71.82609|1162|15610|21575|31335|69.63593|21517.5|8|15|2
6|13|230|1120|1808|1166|2345|36.64063|139.5714|1015.857|3296.857|1274.571|101.4617|3675.428|13|51|2
6|14|158|799|1779|822|2167|42.4902|141.25|1005|1773.5|1509.875|56.61079|2023.563|9|42|2
6|15|1502|44657|44948|80396|49407|152.4907|133|488.25|2324.75|2806.25|61.97907|1409.875|278|46|2
6|16|238|1530|3318|2156|3770|36.25|145|445.5|1704.333|1227.333|69.51938|1536.167|28|76|2
7|12|3|1|28|7|25.5|12.75|5|0|15|48|-2.25|-9|0|2|1
7|14|||||||||||||0|6|1
9|16|24|30|306|0|336|42|13|21.5|109|2|36.20833|129.5|0|8|1
10|4|8|14|55|0|69|13.8|540|7430|2891|5277|30.48611|7682.5|0|5|1
10|12|12|18|284|2|301|60.2|728|4832|14278|3824.5|199.9417|17197.75|0|4|1
10|13|5|2|70|0|72|36|323|2101|6131.5|1584.5|62.68518|7440.25|0|2|1
10|16|14|223|69|0|292|73|260.3333|1756.333|3777.333|490|72.42507|5288.667|0|3|1
16|4|540|7430|2891|5277|7682.5|30.48611|338.3333|3982.667|4190.333|2148|66.40931|7099|238|14|2
16|5|944|11002|7139|4697|15792.5|62.91833|113|80|6569|156|172.9211|6571|234|17|2
16|6|||||||||||||388|14|2
16|7|1353|14280|14316|4031|26580.5|111.2155|282.2|1743.2|2766.4|1760|77.80209|3629.6|214|25|2
16|8|640|519|2401|5829|5.5|.0395683|1119.333|1307|2775|8779.667|22.82955|-307.8333|130|9|2
16|9|293|1581|2276|942|3386|29.18966|692.5|3728.5|4657|153.5|140.7815|8308.75|110|6|2
16|10|1036|8424|14254|4187|20584.5|115.6433|442.4546|4152.818|8378.909|3452.273|103.9225|10805.59|158|20|2
16|11|1618|9434|13361|4945|20322.5|83.63169|187|534|814|1001|24.21428|847.5|228|15|2
16|12|1431|9558|26793|7649|32526.5|256.1142|127|1271.333|2346.667|1853.667|52.49169|2691.167|118|9|2
16|13|467|430|1707|2711|781.5|7.514423|463.5|2418.5|5323.5|2927|98.97121|6278.5|79|25|2
16|14|424|791|6683|8868|3040|33.77778|85|1070.286|776|610.1429|104.4096|1541.214|61|29|2
16|15|357|946|6371|9960|2337|35.95385|386.6667|8452.333|9689.5|15778.83|96.56375|10252.42|50|15|2
16|16|359|1998|4473|1202|5870|55.37736|234.3333|1296|2134.333|1568|52.16893|2646.333|88|18|2
22|3|318|3396|10128|817|13115.5|397.4394|287|1644|6603|291|368.25|8101.5|32|0|0
28|10|22|169|228|43|375.5|62.58333|955|8460|5360|2642|127.5901|12499|6|0|0
28|11|37|676|266|184|850|94.44444|752.5|16624|4266.5|3111|134.6028|19335|9|0|0
28|12|16|279|142|168|337|84.25|111|1037|813|935|57.60417|1382.5|3|0|0
28|13|4|0|15|34|-2|-2|128|695|891|1585|33.0625|793.5|||
28|14|12|2|37|99|-10.5|-10.5|51|9|236|302|15.66667|94|||
29|11|24|340|108|92|402|50.25|121|874|1793|56|50.75|2639|2|6|2
29|12|653|3592|6393|1328|9321|51.49724|115.4|728.4|1565.2|1219.6|56.99371|1683.8|139|42|2
29|13|1405|3631|10370|10066|8968|41.71163|152.6|365.4|2013|685|50.70437|2035.9|193|22|2
29|14|291|1298|1575|1015|2365.5|30.32692|83.75|214.75|878.75|317|20.33431|935|74|4|2
29|15|201|539|3447|620|3676|56.55384|10|14|614|12|69.11111|622|61|4|2
29|16|7854|8494|5388|9757|9003.5|125.0486|1388.667|1361.167|1195.167|1565.5|84.05776|1773.583|9|63|2
30|2|183|3472|7302|11074|5237|218.2083|262.5|6442.5|10134.5|13958.5|226.3044|9597.75|24|0|0
30|5|2|22|20|0|42|42|419|4190.5|9862|8684.5|114.8633|9710.25|||
30|8|2|0|31|92|-15|-15|68|124.5|755.5|186.5|35.87356|786.75|||
30|9|15|20|249|0|269|134.5|94|261|1663|7|174.5909|1920.5|0|2|1
30|10|34|157|909|9|1061.5|117.9444|38|172|932|292|47.9|958|0|9|1
30|11|38|331|146|21|466.5|116.625|10.5|156|291.5|3.5|73.25|445.75|0|3|1
30|12|5|0|15|48|-9|-2.25|19.5|96.5|243.5|107|22.47794|286.5|0|4|1
30|13|13|87|1509|1897|647.5|129.5|114|529.6667|6293|6891.667|85.89086|3376.833|3|2|2
30|14|118|994|1119|1973|1126.5|125.1667|152.3333|713.8333|2102.333|2825.333|74.40363|1403.5|5|4|2
30|15|71|1232|3691|5445|2200.5|183.375|212.8182|1045.364|7319.818|11526.27|76.46646|2602.045|12|0|0
30|16|147|217|935|682|811|24.57576|866.1053|1211.421|1843.421|1579.947|51.30797|2264.868|21|12|2
31|3|424|3013|8521|1050|11009|129.5177|41.5|127|803|0|86.89394|930|24|61|2
31|4|516|3926|8813|4286|10596|64.60976|230.1429|3026.428|3762.714|1076.857|185.4084|6250.714|39|125|2
31|5|456|3385|6709|3939|8124.5|80.4406|559|4473|7364|3612|99.31683|10031|68|33|2
31|6|1360|19865|27477|6463|44110.5|203.2742|799.5|4859|7621|2753|100.895|11103.5|132|85|2
31|7|1486|29716|29602|8971|54832.5|224.7234|250.1667|2030|3153|1498|78.63508|4434|155|89|2
31|8|560|2456|10058|3483|10772.5|97.04955|198.5714|1592.429|5198.571|3770.428|137.4886|4905.786|70|41|2
31|9|557|3574|12042|1014|15109|138.6147|211|2295|5624|6102|109.7456|4868|65|44|2
31|10|470|1937|5516|4815|5045.5|46.28899|149|1378.4|3841|4986.6|92.42368|2726.1|49|60|2
31|11|529|1802|5623|938|6956|58.45378|151|853.6667|2865.333|837|112.1404|3300.5|81|38|2
31|12|||||||||||||28|57|2
31|13|309|2083|9129|6017|8203.5|100.0427|377|2519.5|6063.5|2034|64.65002|7566|31|51|2
31|14|230|770|3750|876|4082|55.91781|127|496|916|30|116.4167|1397|55|18|2
31|15|280|1122|5490|448|6388|74.27907|19|113|130|66|35|210|74|12|2
31|16|118|186|1738|3426|211|6.028572|192.5|873.5|2126.5|1419|30.41288|2290.5|15|20|2
34|2|||||||||||||3|0|0
34|3|||||||||||||14|0|0
34|4|317|8552|1454|84|9964|524.4211|209|2010|5096|1124|218.1333|6544|19|0|0
34|10|||||||||||||0|4|1
34|11|||||||||||||0|2|1
34|12|||||||||||||0|3|1
36|2|25|238|301|1|538.5|538.5|323|3443|3733|14|512.0714|7169|||
36|3|287|1644|6603|291|8101.5|368.25|345.25|5215.5|7234.5|2941.75|177.8627|10979.13|3|19|2
36|4|||||||||||||0|13|1
36|5|362|4728|14889|15406|11914|170.2|147.3333|1136.333|2184.333|50.33333|123.4385|3295.5|69|0|0
36|6|||||||||||||61|6|2
36|7|297|738|2345|973|2596.5|103.86|153|2295|1802|2865|106.58|2664.5|7|18|2
36|8|40|321|1030|15|1343.5|149.2778|355.5|4227|4527|1286.333|137.4111|8110.833|2|7|2
36|9|74|1212|901|896|1665|128.0769|264.3333|3782|3813.833|3162.667|215.8762|6014.5|6|7|2
36|10|||||||||||||0|7|1
36|11|49|715|653|97|1319.5|131.95|641.75|11906.75|4663.75|1792.5|133.7927|15674.25|10|0|0
36|13|29|334|445|25|766.5|109.5|71.66666|356.6667|1160.667|91.33334|59.41768|1471.667|5|2|2
36|15|6|25|93|0|118|29.5|10|213|184|0|56.71429|397|0|3|1
36|16|1274|191|619|587|516.5|28.69444|1836.5|2034.375|1479.375|2201.375|70.04625|2413.063|0|18|1
38|4|||||||||||||0|3|1
38|5|||||||||||||0|5|1
38|15|3|1|22|0|23|23|9|3|51|5|17.16667|51.5|||
38|16|14|66|228|5|291.5|291.5|228|930|4014|376|190.24|4756|||
39|6|6|20|517|0|537|537|279|3359|9288|34|233.8889|12630|||
40|10|162|704|2348|414|2845|88.90625|97.33334|688.6667|2037.333|404.3333|98.71345|2523.833|0|32|1
40|11|52|334|978|251|1186.5|98.875|699|3836|15821|10318|174.6747|14498|9|3|2
40|12|19|133|333|0|466|233|1403|5767|33255|25964|197.2727|26040|||
40|13|||||||||||||0|11|1
40|14|32|179|114|0|293|48.83333|56|785|11473|14414|229.5909|5051|2|4|2
40|15|||||||||||||0|6|1
40|16|20|0|204|23|192.5|24.0625|5|0|76|1|37.75|75.5|3|5|2
44|4|943|18720|8251|22|26960|369.3151|761|9192|15269|1807|142.7727|23557.5|71|2|2
44|6|||||||||||||47|2|2
44|7|||||||||||||7|7|2
44|10|65|382|802|68|1150|54.76191|105.25|609.5|2019|389.75|102.0712|2433.625|0|21|1
44|16|||||||||||||0|3|1
45|7|8|80|82|0|162|81|52|177|815|127|46.425|928.5|0|2|1
45|9|221|4013|3281|602|6993|170.561|1130|7144|7024|74|235.5167|14131|28|13|2
45|10|134|1393|3992|746|5012|147.4118|113.5|543|1575|241|71.83408|1997.5|18|16|2
45|11|699|3836|15821|10318|14498|174.6747|52|334|978|251|98.875|1186.5|69|14|2
45|12|1403|5767|33255|25964|26040|197.2727|19|133|333|0|233|466|120|12|2
45|13|258|1523|17878|19034|9884|224.6364|96|565.2|1161.8|1057.6|79.24259|1198.2|36|8|2
45|14|56|785|11473|14414|5051|229.5909|102|339|531|98|38.18197|821|15|7|2
45|15|24|401|6584|8190|2890|240.8333|71|1232|3691|5445|183.375|2200.5|9|3|2
45|16|443|292|5234|4916|3068|49.48387|192.5|873.5|2126.5|1419|30.41288|2290.5|19|43|2
46|13|||||||||||||0|5|1
46|14|||||||||||||0|5|1
46|15|||||||||||||0|2|1
46|16|16|27|140|0|167|41.75|17|23|192|2|36.33333|214|0|4|1
47|2|||||||||||||0|18|1
47|3|140|22547|14716|29059|22733.5|649.5286|670|13218|13965|9753|142.9904|22306.5|29|6|2
47|4|||||||||||||4|7|2
47|5|||||||||||||0|2|1
47|9|||||||||||||25|11|2
47|10|||||||||||||9|5|2
47|11|187|534|814|1001|847.5|24.21428|717|3745.333|6339.667|1961.333|58.86182|9104.333|27|8|2
47|12|||||||||||||68|3|2
47|13|||||||||||||11|15|2
47|14|230|479|1917|4702|45|2.25|227.5|3188|2251|834|93.50391|5022|0|20|1
47|15|32|73|253|501|75.5|18.875|12|29.5|242|54|40.625|244.5|0|3|1
47|16|10|16|78|4|92|30.66667|20|28.5|223|0|41.875|251.5|0|3|1
48|13|9|4|26|29|15.5|15.5|26|12|92|66|11.83333|71|||
49|2|269|31|16|1364|-635|-90.71429|189|36|36|1328|-148|-592|6|0|0
49|3|||||||||||||59|8|2
49|4|||||||||||||25|14|2
49|5|41|216|613|1|828.5|48.73529|69.5|334|828|176.5|37.52885|1073.75|2|15|2
49|6|51|1444|542|11|1980.5|220.0556|163.75|2797.75|1849|52.75|552.7546|4620.375|5|4|2
49|7|83|3|62|133|-1.5|-.2142857|202|229|3357|1348|69.33334|2912|0|7|1
49|8|||||||||||||0|2|1
49|9|||||||||||||0|3|1
49|10|27|536|116|65|619.5|36.44118|30|312.3333|854.6667|11.33333|49.82099|1161.333|3|14|2
49|11|21|200|2|18|193|32.16667|96|1501|1574|41.5|118.8895|3054.25|0|6|1
49|12|||||||||||||0|11|1
49|13|55|45|254|447|75.5|6.863636|416.5|2158.75|5223.5|2735.25|46.04164|6014.625|3|8|2
49|14|9|2|1317|2|1318|329.5|7|3|1317|0|1320|1320|0|3|1
49|15|4|8|70|1|77.5|38.75|1|0|0|1|-.5|-.5|0|2|1
50|12|51|480|2045|13|2518.5|148.1471|602|7853|11120|15815|50.15546|11065.5|7|10|2
50|13|||||||||||||6|16|2
50|14|||||||||||||0|7|1
50|15|58|112|3243|883|2913.5|224.1154|22|47.5|984.5|275.5|194.4375|894.25|11|2|2
50|16|59|73|976|285|906.5|41.20454|82.5|207.5|629.5|349.5|44.38163|662.25|9|13|2
51|5|||||||||||||0|3|1
51|6|238|650|3448|570|3813|63.55|370|69|2176|557|89.38636|1966.5|14|46|2
51|7|318|1184|5074|196|6160|68.44444|51.5|198|910|480.5|59.81482|867.75|0|90|1
51|8|||||||||||||0|42|1
51|9|419|1026|5652|578|6389|50.30709|255|313|2290|233|46.0463|2486.5|15|112|2
51|10|474|1704|1646|1190|2755|61.22222|689|15014|2269.5|1079.5|147.158|16743.75|28|17|2
51|11|||||||||||||19|55|2
51|12|228|108|1971|4089|34.5|.6388889|653|3592|6393|1328|51.49724|9321|34|20|2
51|13|78|24|966|1641|169.5|7.369565|16.5|79|1034|949|104.0938|638.5|11|12|2
51|14|111|134|823|738|588|12|291|1298|1575|1015|30.32692|2365.5|8|41|2
51|15|88|41|463|180|414|21.78947|87|83.5|827.5|136.5|36.13182|842.75|11|8|2
51|16|100|70|1302|322|1211|28.16279|139.5|981.5|1366|987.75|80.56061|1853.625|11|32|2
55|13|||||||||||||0|174|1
55|14|172|499|948|196|1349|27.53061|46.5|592|5824.5|7262.5|130.0749|2785.25|0|49|1
55|15|||||||||||||0|22|1
55|16|18|61|237|0|298|33.11111|177|868|2270|1134|61|2571|0|9|1
56|7|||||||||||||0|18|1
56|8|||||||||||||5|3|2
56|9|81|607|1249|1650|1031|93.72727|476.5|6182.5|9975.5|6796.5|161.008|12759.75|6|5|2
56|10|20|621|599|548|946|105.1111|791.25|8448.25|17719|6461.5|121.126|22936.5|0|8|1
56|11|7|617|379|0|996|249|77|110.5|3861|1807.5|104.7832|3067.75|4|0|0
56|12|119|421|1831|3715|394.5|18.78572|631.4|3855.6|10824.4|6407.6|130.1832|11476.2|17|4|2
56|13|96|489|2253|1545|1969.5|93.78571|210.4444|1007|3446.667|1737.889|94.90054|3584.722|15|6|2
56|14|37|399|176|111|519.5|30.55882|113.25|800.25|1051.125|398.125|39.33755|1652.313|5|12|2
56|15|185|1618|2987|7053|1078.5|41.48077|115|647.25|3002.75|4149.5|141.3864|1575.25|4|22|2
56|16|18|198|324|17|513.5|64.1875|73|162|1179|285.5|48.19487|1198.25|0|8|1
57|3|456|17763|11969|56|29704|291.2157|1194|13885|16421.33|9035|177.0154|25788.83|102|0|0
57|4|409|12971|15691|35|28644.5|353.6358|569|11641|15266.5|923|275.0982|26446|78|3|2
57|6|||||||||||||0|3|1
57|11|||||||||||||0|9|1
57|12|||||||||||||0|5|1
57|13|||||||||||||0|9|1
57|14|||||||||||||0|5|1
57|15|||||||||||||0|2|1
57|16|||||||||||||0|3|1
59|12|||||||||||||0|4|1
59|13|9|11|229|0|240|60|651|11096|4192|679|109.1131|14948.5|0|3|1
59|16|6|13|251|5|261.5|65.375|20.66667|31.33333|449.3333|4|79.36111|478.6667|0|4|1
60|13|51|48|428|45|453.5|34.88462|5|0|83|1|82.5|82.5|0|13|1
60|14|53|16|1470|2173|399.5|24.96875|118|994|1119|1973|125.1667|1126.5|2|14|2
60|15|20|6|458|486|221|44.2|71|1232|3691|5445|183.375|2200.5|3|2|2
60|16|||||||||||||0|9|1
61|12|6|15|98|1|112.5|37.5|306|468.5|6135.5|3554|47.53463|4827|0|3|1
61|14|47|36|407|27|429.5|61.35714|424|791|6683|8868|33.77778|3040|7|0|0
61|15|202|701|2716|89|3372.5|120.4464|357|946|6371|9960|35.95385|2337|27|0|0
64|5|||||||||||||0|4|1
64|6|||||||||||||0|7|1
64|8|||||||||||||5|0|0
64|9|693|10494|14996|9214|20883|88.11392|214|983|2935|451.5|47.8017|3692.25|135|102|2
64|10|793|17842|20140|20435|27764.5|165.2649|485.2|3328.2|10379.8|1195.2|96.22463|13110.4|20|148|2
64|11|||||||||||||74|63|2
64|12|1162|15610|21575|31335|21517.5|69.63593|162|773.2|3161.4|1506.4|93.62682|3181.4|164|145|2
64|13|88|1506|4894|100|6350|288.6364|37|229.6667|612.6667|497|130.1869|593.8333|0|22|1
64|14|421|8363|6788|3729|13286.5|201.3106|161|4205|2349|1318|155.1316|5895|12|54|2
64|15|82|461|2278|1138|2170|98.63636|1502|44657|44948|80396|152.4907|49407|0|21|1
64|16|49|257|1650|108|1853|102.9444|1274|191|619|587|28.69444|516.5|3|15|2
66|8|7|136|310|69|411.5|411.5|386.2|2689.8|9193.4|5949.4|110.3272|8908.5|||
66|9|177|1007|235|375|1054.5|50.21429|221|472|3856|8418|5.409091|119|0|21|1
66|10|48|14|255|195|171.5|11.43333|217|241|4444|8263|14.56579|553.5|0|15|1
66|11|5|87|300|0|387|387|91|700|2676.667|503.3333|157.569|3125|||
66|12|267|1013|4405|2717|4059.5|82.84694|218|505|2976|4762|25.5814|1100|0|49|1
66|13|524|3919|10319|2902|12787|92.65942|146.8571|751.8571|2170.572|1575.143|61.17466|2134.857|7|131|2
66|14|413|6304|3708|1219|9402.5|146.9141|194|639|1848|2762|22.3701|1106|48|16|2
66|15|622|3596|7525|1573|10334.5|116.118|207.6667|554.6667|1395.333|2110|81.85577|895|56|33|2
66|16|||||||||||||3|19|2
68|10|758|6138|11257|441|17174.5|104.0879|106|679.1667|1420.333|317.5|56.80714|1940.75|88|77|2
68|11|899|7903|24504|1708|31553|112.6893|42|28|3274|3455|92.61765|1574.5|270|10|2
68|12|585|916|11936|7106|9299|65.48592|232.5714|2484.572|4881.429|5723|72.67035|4504.5|120|22|2
68|13|60|163|1063|884|784|65.33334|68.625|531.25|3454.375|2878.625|130.5357|2546.313|2|10|2
68|14|64|124|858|205|879.5|48.86111|158|799|1779|822|42.4902|2167|6|12|2
68|15|132|76|2189|30|2250|72.58064|78|124|390|220|28.85714|404|26|5|2
68|16|19|9|261|3|268.5|38.35714|147|217|935|682|24.57576|811|7|0|0
70|8|||||||||||||4|0|0
70|9|||||||||||||25|0|0
70|10|||||||||||||67|0|0
70|11|||||||||||||49|5|2
70|12|||||||||||||0|4|1
70|13|||||||||||||0|6|1
70|14|||||||||||||7|0|0
70|15|141|155|1330|207|1381.5|41.86364|60.5|26.5|394|123|26.09474|359|14|19|2
70|16|208|567|1547|1481|1373.5|21.13077|120|542|868|1142|15.83019|839|55|10|2
71|13|||||||||||||0|3|1
71|16|||||||||||||0|5|1
72|9|||||||||||||0|9|1
72|11|||||||||||||0|3|1
72|12|||||||||||||4|0|0
72|13|44|119|1101|0|1220|71.76471|96|489|2253|1545|93.78571|1969.5|5|12|2
72|15|24|36|1508|443|1322.5|330.625|39|85.5|1852|495.5|141.1827|1689.75|4|0|0
72|16|120|542|868|1142|839|15.83019|208|567|1547|1481|21.13077|1373.5|53|0|0
74|6|19|26|185|0|211|23.44444|1477|9235|13363|5316|114.5977|19940|0|9|1
75|14|||||||||||||0|2|1
75|15|||||||||||||0|3|1
75|16|||||||||||||0|2|1
76|13|||||||||||||0|3|1
76|14|18|21|255|0|276|34.5|158|799|1779|822|42.4902|2167|0|8|1
76|15|||||||||||||0|4|1
77|14|18|4|205|291|63.5|5.772727|45|20|123|118|12|84|0|11|1
77|15|||||||||||||0|34|1
77|16|79|59|951|1006|507|13.7027|2|0|10|1|9.5|9.5|0|37|1
78|15|4|0|23|0|23|23|32|73|253|501|18.875|75.5|||
79|15|19|113|130|66|210|35|280|1122|5490|448|74.27907|6388|6|0|0
80|13|5|0|83|1|82.5|82.5|51|48|428|45|34.88462|453.5|||
82|5|||||||||||||0|6|1
82|6|||||||||||||0|3|1
83|10|||||||||||||0|8|1
83|11|||||||||||||0|8|1
85|3|66|181|1369|0|1550|70.45454|424|3013|8521|1050|129.5177|11009|0|22|1
85|4|100|445|1236|58|1652|47.2|438.3333|4410|8148.667|2049.333|78.47124|11534|0|35|1
85|5|||||||||||||0|15|1
85|6|||||||||||||0|4|1
85|7|132|249|1384|1283|991.5|26.09211|586.25|9156.25|10219|2975.75|101.4503|17887.38|14|24|2
85|8|782|5374|17916|11467|17556.5|93.88503|231.2|1642.2|5672.2|3669.8|173.8502|5479.5|187|0|0
86|2|||||||||||||0|11|1
86|3|9|38|143|0|181|90.5|268|892|3091|159|125.9194|3903.5|0|2|1
87|3|12|0|221|14|214|23.77778|571.5|8454.5|13311|11030.5|133.6537|16250.25|0|9|1
87|4|||||||||||||0|9|1
87|5|123|305|1556|34|1844|59.48387|39|1148|164|4|218.3333|1310|26|5|2
87|6|||||||||||||5|3|2
87|8|||||||||||||0|7|1
87|9|||||||||||||0|2|1
87|10|||||||||||||0|2|1
87|16|9|15|115|0|130|26|147|217|935|682|24.57576|811|0|5|1
89|9|1|0|0|1|-.5|-.5|232|4041|4945|1376|106.3846|8298|||
91|16|||||||||||||0|3|1
92|6|2|0|39|2|38|38|1584|18817|13363|8803|112.9207|27778.5|||
92|9|347|2986|10550|8990|9041|114.443|247.25|1904.75|5522.75|4661.25|79.46147|5096.875|69|10|2
92|10|93|2391|3117|1361|4827.5|166.4655|324|2899.5|5795.5|5853|121.5006|5768.5|22|7|2
92|11|7|73|248|0|321|160.5|90.33334|704.6667|2694|503.3333|233.069|3147|0|2|1
92|12|||||||||||||0|10|1
92|13|26|229|437|2|665|66.5|9|23|63|2|47|85|0|10|1
92|14|12|189|253|14|435|87|81|399.5|955.5|413|53.7451|1148.5|0|5|1
92|15|||||||||||||0|6|1
93|2|243|3401|6584|55|9957.5|276.5972|300|1299|6010|1089|150.3222|6764.5|35|0|0
93|3|1345|19842|21110|5726|38089|260.8836|111.3333|2064.667|1884.667|1151|142.4242|3373.833|129|17|2
93|4|732|6679|18734|5780|22523|258.8851|1601.25|9579.75|16410.75|26044.75|89.70719|12968.13|60|27|2
93|5|||||||||||||29|0|0
93|6|1584|18817|13363|8803|27778.5|112.9207|24|154|562|822.5|36.85938|304.75|238|8|2
93|7|952|5145|9172|6655|10989.5|54.13547|340.8|3246.8|3577.6|1082|219.5422|6283.4|165|38|2
93|8|||||||||||||7|0|0
93|9|402|1949|5684|622|7322|90.39507|786|10823.5|17023|10955.5|141.0265|22368.75|75|6|2
93|10|1079|6304|31459|243|37641.5|132.5405|548.7143|6294.857|7416.429|4891.714|92.77058|11265.43|267|17|2
93|11|112|193|4448|160|4561|116.9487|72.5|433.5|659|1009.5|128.09|587.75|35|4|2
93|12|211|804|5476|254|6153|109.875|585|916|11936|7106|65.48592|9299|51|5|2
93|13|48|414|629|607|739.5|67.22727|88.83334|825.1667|1860|925|170.4787|2222.667|2|9|2
93|14|183|593|2278|1732|2005|33.41667|95.5|1827|910|436.5|131.6489|2518.75|0|60|1
93|15|338|2101|3409|497|5261.5|49.1729|151.25|751|2849.25|4235.25|81.70026|1482.625|39|68|2
93|16|405|3197|6584|268|9647|103.7312|92.33334|215.3333|742|264.6667|61.10859|825|66|27|2
94|10|||||||||||||0|4|1
94|11|||||||||||||0|8|1
94|12|37|26|1283|57|1280.5|91.46429|41|48|1024|119|84.375|1012.5|0|14|1
94|16|||||||||||||6|3|2
95|12|||||||||||||0|6|1
96|15|||||||||||||0|5|1
96|16|228|930|4014|376|4756|190.24|14|66|228|5|291.5|291.5|0|25|1
98|5|||||||||||||0|3|1
98|7|52|177|815|127|928.5|46.425|316.5|3364|3787.5|630.5|82.98585|6836.25|0|20|1
98|8|||||||||||||0|3|1
98|9|||||||||||||14|18|2
98|10|109|736|2374|6|3107|282.4546|93|291|1318|399|93.96667|1409.5|10|0|0
98|11|21|431|569|245|877.5|292.5|181|4150|5173|2572|365.3182|8037|2|0|0
98|12|||||||||||||0|3|1
98|13|||||||||||||0|9|1
98|14|||||||||||||0|9|1
98|15|||||||||||||0|4|1
99|12|20|968|420|18|1379|153.2222|90|516|4544|4369|119.8125|2875.5|0|9|1
99|13|489|1540|12511|3604|12249|126.2784|489|2559.5|5905|3699.5|81.01407|6614.75|91|6|2
99|14|||||||||||||0|2|1
99|15|27|616|273|3|887.5|88.75|253.25|3551.25|4065|2740.75|88.77905|6245.875|7|3|2
99|16|6630|6846|3052|6922|6437|134.1042|1902.4|1954.6|1751.8|2443.6|81.61376|2484.6|3|45|2
104|14|||||||||||||0|2|1
104|16|||||||||||||0|2|1
105|10|||||||||||||0|2|1
105|11|||||||||||||0|23|1
105|16|||||||||||||0|3|1
106|16|5|0|76|1|75.5|37.75|647|95.5|411.5|305|26.37847|354.5|0|2|1
107|3|9|64|23|0|87|12.42857|670|13218|13965|9753|142.9904|22306.5|0|7|1
107|4|124|577|1715|65|2259.5|39.64035|47|1862|1211|296|172.0588|2925|34|23|2
107|5|||||||||||||0|20|1
107|6|101|203|1256|28|1445|68.80952|1477|9235|13363|5316|114.5977|19940|10|11|2
107|7|||||||||||||0|8|1
107|8|||||||||||||0|9|1
107|9|||||||||||||3|0|0
107|13|3|112|146|0|258|258|65.33334|694.3333|2195.333|530.3333|140.399|2624.5|||
107|15|||||||||||||0|3|1
108|13|||||||||||||0|15|1
108|14|||||||||||||0|6|1
108|15|||||||||||||0|7|1
108|16|||||||||||||0|7|1
109|5|||||||||||||0|6|1
109|6|64|300|897|791|801.5|61.65385|44|143|690|185|82.27778|740.5|0|13|1
109|7|52|270|926|514|939|104.3333|109|166.5|1830.5|759|115.4167|1617.5|0|9|1
109|8|10|2|122|60|94|31.33333|560|2456|10058|3483|97.04955|10772.5|0|3|1
109|9|146|146|3727|8315|-284.5|-35.5625|284|1729|7203|8704|59.92606|4580|8|0|0
109|10|243|330|5210|8417|1331.5|36.98611|288.3333|2013.333|5345|6656.333|85.85564|4030.167|34|2|2
109|11|149|315|3440|1371|3069.5|105.8448|164.5|918.5|2628.25|269.25|203.079|3412.125|27|2|2
109|12|||||||||||||19|0|0
109|13|115|1128|775|0|1903|190.3|13|12|608|0|124|620|7|3|2
109|14|127|496|916|30|1397|116.4167|174|882|2434.5|1424.5|90.54224|2604.25|6|6|2
109|15|340|888|4015|69|4868.5|131.5811|44|618|1916.5|2728.5|115.0208|1170.25|34|3|2
115|8|42|69|99|75|130.5|43.5|41|51|85|73|12.4375|99.5|0|3|1
115|9|34|51|530|159|501.5|45.59091|106|138|786|200|51.5|824|0|11|1
115|12|5|18|50|9|63.5|31.75|52|126|859|112|44.23809|929|0|2|1
115|15|2|0|15|30|0|0|4|0|25|50|0|0|||
116|7|||||||||||||0|3|1
117|15|658|800|3597|5816|1489|41.36111|17|4|142|12|46.66667|140|0|36|1
117|16|||||||||||||0|16|1
118|15|||||||||||||0|14|1
118|16|28|163|1745|0|1908|136.2857|238|1530|3318|2156|36.25|3770|0|14|1
120|14|||||||||||||0|22|1
120|15|||||||||||||36|0|0
120|16|95|230|774|497|755.5|20.41892|8|0|124|0|31|124|21|16|2
121|16|8|0|124|0|124|31|95|230|774|497|20.41892|755.5|4|0|0
124|16|8|4|20|0|24|6|2|1|5|0|6|6|0|4|1
125|16|2|1|5|0|6|6|8|4|20|0|6|24|||
126|15|||||||||||||0|3|1
128|12|128|226|3373|0|3599|71.98|12|16.5|266.5|0|62.16667|283|50|0|0
128|14|20|17|243|1|259.5|64.875|75|167|803|534|54.07692|703|4|0|0
128|15|||||||||||||0|8|1
128|16|10|5|68|4|71|35.5|55|73.66666|354|228.6667|32.08081|313.3333|2|0|0
129|15|150|210|1062|1533|505.5|18.72222|201.5|1132|2038|452.5|63.71145|2943.75|23|4|2
129|16|13|0|87|2|86|28.66667|54|75.33334|347.6667|229.3333|34.35859|308.3333|3|0|0
130|16|5|4|40|2|43|43|56.66667|74|363.3333|229.3333|29.58081|322.6667|||
131|7|35|88|280|38|349|29.08333|625|6648|7493|1261|84.97169|13510.5|0|12|1
131|8|80|167|1135|12|1296|76.23529|100|235|1109|257|41.91379|1215.5|0|17|1
131|9|90|144|1532|0|1676|93.11111|74|1212|901|896|128.0769|1665|0|18|1
131|13|259|76|1004|2185|-12.5|-.7352941|289.5|1982|5286.5|1674.5|49.76153|6431.25|0|17|1
131|14|||||||||||||0|19|1
133|16|46|0|849|20|839|76.27273|238|1530|3318|2156|36.25|3770|0|11|1
135|2|||||||||||||0|6|1
135|3|||||||||||||0|4|1
135|4|41|32|279|202|210|12.35294|761|9192|15269|1807|142.7727|23557.5|0|17|1
135|5|||||||||||||0|8|1
135|6|||||||||||||0|6|1
135|7|31|69|283|274|215|23.88889|625|6648|7493|1261|84.97169|13510.5|0|8|1
135|8|41|170|406|439|356.5|29.70833|640|519|2401|5829|.0395683|5.5|2|10|2
135|9|||||||||||||0|9|1
135|10|||||||||||||0|2|1
135|11|138|250|939|2019|179.5|7.18|112|193|4448|160|116.9487|4561|17|8|2
135|12|||||||||||||11|9|2
135|13|273|320|4095|4860|1985|38.17308|24|19|119|80|14|98|40|12|2
135|14|191|2721|1131|949|3377.5|64.95192|223|465.5|3429|4443.5|35.98264|1672.75|35|17|2
135|15|||||||||||||18|9|2
135|16|||||||||||||34|4|2
136|12|||||||||||||20|0|0
136|13|303|398|4898|898|4847|47.05825|501.6667|1250|3924.667|3416.333|38.3492|3466.5|102|0|0
136|14|104|127|700|271|691.5|21.60938|88.5|171.5|1252|228.5|46.51421|1309.25|26|6|2
136|15|29|51|234|186|192|17.45455|1|0|1|2|0|0|11|0|0
140|14|4|0|132|4|130|65|85|494|1016|418|64.74509|1301|0|2|1
141|9|64|60|728|28|774|51.6|9|15|147|0|40.5|162|0|15|1
141|10|||||||||||||0|3|1
141|13|||||||||||||0|3|1
143|9|||||||||||||0|2|1
144|9|||||||||||||0|8|1
144|10|||||||||||||0|4|1
146|9|||||||||||||0|13|1
147|5|60|385|710|13|1088.5|60.47222|207|1501|2681.667|1209|58.44728|3578.167|0|18|1
147|6|48|1165|1813|4|2976|175.0588|742.5|4761.5|6797|2658|143.7988|10229.5|7|10|2
147|7|137|1164|2156|151|3244.5|62.39423|163|1781.75|2063.25|328.5|69.80543|3680.75|6|46|2
147|8|88|174|1146|183|1228.5|38.39063|100|235|1109|257|41.91379|1215.5|0|32|1
147|9|||||||||||||0|14|1
147|10|9|7|126|17|124.5|41.5|491|3675.667|6391.667|1769.667|66.11381|9182.5|0|3|1
155|5|||||||||||||0|2|1
155|7|59|3922|985|0|4907|613.375|98|5076|1879|0|496.7857|6955|8|0|0
155|8|68|3440|556|529|3731.5|533.0714|55.5|1713.5|502.5|496.5|124.2206|1967.75|7|0|0
155|9|103|4705|1322|784|5635|402.5|264|5468|1274|950|122.8824|6267|8|6|2
155|11|62|133|481|55|586.5|83.78571|42|28|3274|3455|92.61765|1574.5|7|0|0
155|13|48|1654|985|944|2167|216.7|270|1786.667|4255.667|1862|86.76778|5111.333|9|0|0
155|14|||||||||||||2|0|0
155|15|22|405|386|1193|194.5|32.41667|204.3333|1265.333|4349.667|7486|86.93654|1872|5|0|0
155|16|12|7|250|416|49|24.5|147|217|935|682|24.57576|811|2|0|0
156|16|||||||||||||0|2|1
157|9|||||||||||||7|0|0
157|10|80|917|2481|21|3387.5|125.463|96|587.5|591.5|358.5|35.9129|999.75|20|7|2
157|11|20|312|582|0|894|149|38|331|146|21|116.625|466.5|6|0|0
157|12|||||||||||||0|14|1
157|13|||||||||||||0|24|1
157|14|39|58|741|91|753.5|39.65789|37|399|176|111|30.55882|519.5|0|19|1
157|15|||||||||||||0|23|1
157|16|98|534|843|146|1304|52.16|1274|191|619|587|28.69444|516.5|0|25|1
159|14|||||||||||||0|2|1
160|7|||||||||||||0|6|1
160|8|||||||||||||0|5|1
160|10|2|0|6|13|-.5|-.25|27|536|116|65|36.44118|619.5|0|2|1
161|2|274|5014|11509|16315|8365.5|181.8587|217|5671.5|8031|11338|244.4792|8033.5|29|17|2
161|3|473|3691|12657|12308|10194|124.3171|374|6234.5|7041.25|2528|180.4941|12011.75|38|44|2
161|4|285|1635|7039|1867|7740.5|109.0211|493|6305|10604|4110.5|139.7197|14853.75|22|49|2
161|5|279|3908|12360|13757|9389.5|130.4097|280.5|2247.5|3692|1806|70.65842|5036.5|42|30|2
161|6|241|11936|2410|1258|13717|274.34|1477|9235|13363|5316|114.5977|19940|40|10|2
161|7|210|6293|1123|452|7190|156.3044|625|6648|7493|1261|84.97169|13510.5|25|21|2
161|8|36|14|402|116|358|29.83333|51|117.5|570|174.5|13.4569|600.25|0|12|1
161|9|94|261|1663|7|1920.5|174.5909|139.5|2744|761.5|475|128.6912|3268|0|10|1
161|10|38|172|932|292|958|47.9|125|485.5|1182|91.5|116.3933|1621.75|0|20|1
161|11|1|0|1|7|-2.5|-2.5|38|331|146|21|116.625|466.5|||
161|13|6|1|1316|0|1317|1317|72|12|15875|0|1323.917|15887|||
161|14|33|2855|41|51|2870.5|220.8077|241.6667|792.6667|3360|4191|64.12037|2057.167|11|2|2
161|15|10|213|184|0|397|56.71429|38.5|628.5|1892|2722.5|106.4375|1159.25|7|0|0
161|16|116|206|1222|112|1372|85.75|2190.857|2912.428|2894.572|2827.857|77.72044|4393.071|12|4|2
163|16|||||||||||||0|4|1
165|2|||||||||||||0|2|1
165|3|||||||||||||0|7|1
165|4|||||||||||||0|18|1
165|5|||||||||||||30|15|2
165|6|321|1471|13058|24216|2421|78.09677|958|4526|6773|10879|46.876|5859.5|25|6|2
165|9|5|6|5|8|7|2.333333|426|263|766|3957|-29.67188|-949.5|0|3|1
165|10|||||||||||||0|2|1
166|16|||||||||||||8|0|0
167|16|||||||||||||0|2|1
169|9|||||||||||||0|5|1
169|16|2|6|2|0|8|4|10|20|19|20|5.8|29|0|2|1
170|16|10|20|19|20|29|5.8|2|6|2|0|4|8|0|5|1
171|10|4|45|51|1|95.5|31.83333|2|41|3|0|44|44|0|3|1
171|12|2|3|59|0|62|62|23|50.5|404|147.5|52.3375|380.75|||
172|10|1|0|0|1|-.5|-.5|14|68|359|1|47.38889|426.5|||
172|12|3|0|12|14|5|5|111|1037|813|935|57.60417|1382.5|||
172|13|||||||||||||0|6|1
177|11|||||||||||||18|0|0
177|12|36|192|459|207|547.5|32.20588|5|0|15|48|-2.25|-9|3|14|2
177|13|20|71|559|1|629.5|78.6875|112|407.6667|1358.667|935.6667|80.43197|1298.5|6|2|2
177|14|14|11|381|0|392|35.63636|5|9|80|14|27.33333|82|6|5|2
177|15|||||||||||||9|2|2
181|9|||||||||||||0|3|1
181|10|||||||||||||0|3|1
181|11|||||||||||||0|2|1
181|14|||||||||||||0|8|1
181|15|3|54|13|0|67|67|1502|44657|44948|80396|152.4907|49407|||
184|15|||||||||||||0|5|1
184|16|||||||||||||0|4|1
186|3|86|378|241|173|532.5|21.3|371.5|7974.5|8082.5|4876.5|178.6908|13618.75|15|10|2
186|4|||||||||||||25|2|2
186|5|58|241|501|129|677.5|26.05769|227|1705.333|3044|1279|65.68404|4109.833|21|5|2
186|6|468|5112|5111|50|10198|188.8519|92.5|1261.5|977.5|41|146.1528|2218.5|52|2|2
186|7|||||||||||||0|4|1
186|8|7|127|61|0|188|31.33333|47|542|780.5|273|66.94192|1186|5|0|0
186|10|||||||||||||0|2|1
186|13|||||||||||||0|6|1
186|14|||||||||||||0|5|1
186|15|20|59|461|108|466|58.25|38|73.66666|1668|609|191.2051|1437.167|0|7|1
186|16|||||||||||||0|2|1
188|10|||||||||||||0|2|1
188|11|8|100|1|6|98|98|21|200|2|18|32.16667|193|||
188|16|||||||||||||0|6|1
190|2|||||||||||||0|11|1
190|3|||||||||||||0|9|1
191|5|||||||||||||0|2|1
191|9|75|6862|254|597|6817.5|486.9643|54.5|2437.5|466.5|485.5|292.6322|2661.25|14|0|0
191|10|6|111|39|0|150|50|6|59|240|0|99.66666|299|0|3|1
192|16|||||||||||||0|2|1
195|2|||||||||||||22|3|2
195|3|804|11680|13649|12|25323|351.7083|571.5|8454.5|13311|11030.5|133.6537|16250.25|66|6|2
195|4|179|3668|7810|14|11471|152.9467|23|263|399|0|73.55556|662|52|23|2
195|5|||||||||||||65|2|2
195|6|||||||||||||21|2|2
195|7|||||||||||||0|20|1
195|8|230|461|3561|4082|1981|56.6|640|519|2401|5829|.0395683|5.5|26|9|2
195|9|||||||||||||0|24|1
195|10|||||||||||||0|17|1
195|11|42|52|548|58|571|51.90909|2|0|5|43|-8.25|-16.5|0|11|1
195|12|||||||||||||0|4|1
195|13|651|11096|4192|679|14948.5|109.1131|445.5|2320.5|4893|2927|64.12122|5750|117|20|2
195|14|42|72|794|449|641.5|40.09375|257.3333|754.6667|3239.667|5181|53.73148|1403.833|2|14|2
195|15|||||||||||||3|8|2
195|16|52|1514|616|33|2113.5|117.4167|216|1332.667|2235.667|1484|77.03127|2826.333|3|15|2
196|3|||||||||||||0|2|1
197|15|||||||||||||0|5|1
197|16|||||||||||||0|15|1
198|7|||||||||||||0|11|1
198|8|||||||||||||0|4|1
198|10|1025|10359|6382|2950|15266|160.6947|352|2312|1658.333|868.3333|63.48959|3536.167|86|9|2
198|11|||||||||||||44|3|2
198|12|191|1866|5270|10668|1802|24.02667|30|196|232|6|47.22222|425|73|2|2
198|13|128|695|891|1585|793.5|33.0625|4|0|15|34|-2|-2|21|3|2
198|15|491|7915|2894|1245|10186.5|188.6389|33|12|325|66|30.4|304|41|13|2
198|16|||||||||||||42|9|2
199|16|17|74|275|0|349|58.16667|10|118|160|2.5|69.1875|276.75|0|6|1
200|10|||||||||||||0|14|1
200|13|4|432|87|0|519|259.5|2|165|40|0|205|205|0|2|1
201|7|6|186|321|0|507|507|485|2856.5|5298|3327.5|226.2677|6490.75|||
201|10|14|68|359|1|426.5|47.38889|169.3333|665.6667|1899.667|1687.333|19.70744|1721.667|0|9|1
201|11|||||||||||||0|2|1
201|13|2|165|40|0|205|205|4|432|87|0|259.5|519|||
202|5|||||||||||||0|2|1
202|6|||||||||||||2|3|2
202|10|||||||||||||0|2|1
203|7|5|1|76|1|76.5|38.25|260.6667|2762.667|3439|486.6667|95.78864|5958.333|0|2|1
203|8|||||||||||||0|3|1
203|9|||||||||||||0|8|1
203|10|37|60|183|246|120|13.33333|14|68|359|1|47.38889|426.5|2|7|2
203|11|||||||||||||2|4|2
203|13|||||||||||||0|2|1
203|16|||||||||||||0|3|1
205|5|||||||||||||0|3|1
205|8|17|15|200|118|156|22.28572|2|3|43|0|46|46|0|7|1
206|5|||||||||||||0|2|1
206|11|11|5225|31|5|5253.5|1050.7|26.5|59|425|26|37.04464|471|0|5|1
209|16|8|12|137|0|149|21.28572|1|2|2|0|4|4|7|0|0
211|7|28|257|262|184|427|71.16666|196.5|661.5|3316|486.5|58.4537|3734.25|2|4|2
211|8|2|2|25|18|18|18|68|3440|556|529|533.0714|3731.5|||
211|11|42|28|3274|3455|1574.5|92.61765|242.5|2163.5|6390|466.25|147.8687|8320.375|17|0|0
211|12|90|516|4544|4369|2875.5|119.8125|149.6|465.2|2921.6|2244.8|75.79877|2264.4|21|3|2
211|13|43|204|1819|1696|1175|117.5|92.33334|362.8333|1422.833|949|76.54111|1311.167|8|2|2
211|15|11|36|89|2|124|31|8.5|33|105|1|34.7|137.5|0|4|1
211|16|6|480|6|108|432|144|297|2481|3007.5|2027.5|88.17385|4474.75|3|0|0
214|3|||||||||||||0|7|1
214|9|||||||||||||0|7|1
214|15|||||||||||||0|6|1
214|16|||||||||||||0|13|1
215|14|11|48|133|237|62.5|62.5|44|197|535|948|64.5|258|||
215|15|||||||||||||0|12|1
215|16|45|140|611|583|459.5|27.02941|1274|191|619|587|28.69444|516.5|0|17|1
217|3|4|2|38|0|40|13.33333|31|43|463|0|46|506|3|0|0
217|4|56|19|6959|0|6978|581.5|625|6183.5|10307.5|2320|120.7232|15331|12|0|0
217|5|6|0|2|4|0|0|559|4473|7364|3612|99.31683|10031|0|4|1
217|9|||||||||||||27|0|0
221|11|||||||||||||6|0|0
221|12|||||||||||||20|0|0
221|13|||||||||||||4|0|0
222|13|||||||||||||0|4|1
222|14|||||||||||||0|5|1
222|16|7|0|183|8|179|44.75|4|0|122|4|60|120|0|4|1
223|12|||||||||||||0|2|1
223|13|24|26|324|4|348|43.5|140.5|615.5|1819|1886.5|108.9583|1491.25|0|8|1
223|16|||||||||||||0|9|1
224|16|19|38|88|120|66|13.2|542|3448|5399|4022|58.93103|6836|0|5|1
225|16|44|42|748|10|785|87.22222|2705.667|2972.333|2515|3517|78.45812|3728.833|0|9|1
226|4|||||||||||||0|2|1
226|10|||||||||||||0|2|1
226|11|||||||||||||0|2|1
226|12|25|106|1763|0|1869|143.7692|15.33333|7.666667|246.6667|.6666667|35.18571|254|13|0|0
226|14|||||||||||||0|9|1
226|15|||||||||||||0|7|1
226|16|5|25|46|77|32.5|16.25|147|217|935|682|24.57576|811|0|2|1
234|4|22|0|98|221|-12.5|-1.25|23|15|162|20|41.75|167|0|10|1
234|5|81|427|1155|224|1470|49|49.5|228.5|557|65|37.39649|753|28|2|2
234|6|134|1079|1413|71|2456.5|72.25|373.25|2771.5|3124.75|2737|116.553|4527.75|31|3|2
234|7|18|1|47|206|-55|-9.166667|679.5|7144.5|7190|2015.5|67.77441|13326.75|0|6|1
234|9|4|6|19|62|-6|-1.5|214|133|383.5|1979.5|-13.33594|-473.25|0|4|1
234|10|||||||||||||0|3|1
234|15|||||||||||||0|2|1
238|6|264|5685|536|0|6221|2073.667|550|7750.5|3748.75|1335.5|2047.249|10831.5|3|0|0
238|7|1556|34666|3409|4|38073|1730.591|358|2742|3974|1657|78.5|5887.5|22|0|0
239|13|122|283|1944|267|2093.5|32.71094|288.7143|1182.714|3451.572|2230.714|74.33872|3518.928|31|33|2
239|14|170|326|2430|403|2554.5|29.02841|60.25|230.125|342|187.125|23.32126|478.5625|68|20|2
239|15|10|14|614|12|622|69.11111|201|539|3447|620|56.55384|3676|0|8|1
239|16|||||||||||||0|32|1
243|16|2|0|1|1|.5|.25|542|3448|5399|4022|58.93103|6836|0|2|1
246|9|38|8|88|195|-1.5|-1.5|577|121.5|1718|2764|19.53125|457.5|||
246|10|10|218|23|31|225.5|112.75|548|4866|7198|2188.5|114.28|10969.75|2|0|0
246|11|||||||||||||0|6|1
246|13|||||||||||||0|6|1
251|12|35|42|443|11|479.5|36.88462|2|4|67|0|71|71|0|13|1
251|13|81|60|557|17|608.5|25.35417|882|4630|9557|5854|68.24242|11260|0|24|1
251|14|||||||||||||0|4|1
251|15|||||||||||||0|7|1
254|7|||||||||||||0|2|1
254|8|41|51|85|73|99.5|12.4375|42|69|99|75|43.5|130.5|0|8|1
254|9|106|138|786|200|824|51.5|34|51|530|159|45.59091|501.5|0|16|1
254|10|||||||||||||0|13|1
254|11|||||||||||||0|7|1
254|12|52|126|859|112|929|44.23809|17.5|41.5|337.5|174|29.57237|292|2|19|2
254|15|4|0|25|50|0|0|2|0|15|30|0|0|0|3|1
255|14|||||||||||||0|2|1
255|15|||||||||||||0|6|1
256|12|||||||||||||0|3|1
256|13|||||||||||||0|5|1
256|14|||||||||||||0|8|1
256|16|||||||||||||0|2|1
258|13|6|6|30|0|36|12|2|2|10|0|12|12|0|3|1
260|11|||||||||||||0|3|1
260|13|||||||||||||0|3|1
261|15|38|637|269|0|906|82.36364|396|709|48326|97765|3.910256|152.5|11|0|0
261|16|||||||||||||2|5|2
264|12|6|11|17|0|28|28|15.5|58.5|175|0|116.75|233.5|||
265|8|||||||||||||2|0|0
265|9|40|475|2246|9|2716.5|301.8333|67|290|1688|56|139.2857|1950|9|0|0
271|4|||||||||||||0|14|1
271|6|||||||||||||9|0|0
271|10|||||||||||||0|19|1
271|13|||||||||||||0|5|1
271|16|87|251|1382|286|1490|55.18518|18|198|324|17|64.1875|513.5|0|27|1
272|9|||||||||||||0|3|1
272|10|||||||||||||0|7|1
272|11|||||||||||||0|6|1
272|12|||||||||||||0|9|1
272|13|||||||||||||0|9|1
272|14|||||||||||||0|7|1
272|15|||||||||||||0|6|1
272|16|||||||||||||0|20|1
275|3|14|107|174|27|267.5|66.875|11|10|118|18|29.75|119|0|4|1
275|8|||||||||||||0|3|1
275|10|||||||||||||3|0|0
275|11|||||||||||||3|0|0
275|12|||||||||||||4|0|0
275|13|||||||||||||0|2|1
275|14|8|88|76|2|163|40.75|235|53|2710|5381|10.35714|72.5|2|2|2
277|2|||||||||||||0|2|1
277|5|||||||||||||0|3|1
277|8|||||||||||||0|2|1
277|12|||||||||||||0|4|1
277|13|||||||||||||0|4|1
278|14|||||||||||||0|3|1
279|6|7523|7|18622|37022|118|9.833333|1885.5|4617.5|9490.5|8344.5|45.88218|9935.75|0|12|1
279|7|75|139|1558|777|1308.5|48.46296|173|720.5|2668|190|69.80556|3293.5|0|27|1
279|8|8|10|204|0|214|107|100|235|1109|257|41.91379|1215.5|0|2|1
279|9|||||||||||||0|8|1
279|10|||||||||||||0|3|1
279|11|42|9|754|1438|44|3.666667|4|18|2|2|9.5|19|0|12|1
279|12|208|1464|973|530|2172|77.57143|250|3375|4925|1844|78.48936|7378|13|15|2
279|13|||||||||||||0|5|1
280|10|||||||||||||0|2|1
280|11|||||||||||||0|4|1
280|12|||||||||||||0|2|1
280|13|43|152|602|15|746.5|41.47222|47|204|1032|0|72.70588|1236|2|16|2
280|14|12|18|21|37|20.5|3.416667|158|799|1779|822|42.4902|2167|0|6|1
280|15|5|3|39|0|42|14|27|616|273|3|88.75|887.5|0|3|1
285|7|||||||||||||0|2|1
285|9|||||||||||||0|2|1
285|12|||||||||||||0|10|1
285|13|10|30|321|0|351|70.2|5|12.5|164.5|0|60.75|177|0|5|1
285|14|||||||||||||0|3|1
285|15|||||||||||||0|36|1
285|16|||||||||||||0|10|1
287|13|12|2|4|21|-4.5|-4.5|60|163|1063|884|65.33334|784|||
287|14|||||||||||||42|0|0
287|15|90|492|637|127|1065.5|46.32609|1502|44657|44948|80396|152.4907|49407|17|6|2
301|10|||||||||||||0|6|1
304|2|||||||||||||7|0|0
304|5|||||||||||||0|13|1
304|8|||||||||||||33|0|0
304|9|||||||||||||16|0|0
304|10|||||||||||||44|2|2
304|12|||||||||||||0|2|1
304|16|17|18|123|139|71.5|10.21429|192.5|873.5|2126.5|1419|30.41288|2290.5|0|7|1
305|3|||||||||||||10|0|0
305|4|209|2010|5096|1124|6544|218.1333|317|8552|1454|84|524.4211|9964|30|0|0
305|5|||||||||||||27|0|0
305|6|279|3359|9288|34|12630|233.8889|741.5|4627.5|6940|2658|325.7989|10238.5|54|0|0
305|7|||||||||||||13|4|2
305|8|||||||||||||0|2|1
305|9|50|1186|2295|0|3481|290.0833|26|5089|7|0|509.6|5096|5|7|2
305|10|205|2039|14649|0|16688|695.3333|17|2717|31|0|549.6|2748|24|0|0
305|12|16|90|302|0|392|196|10.5|19|32.5|0|32.75|51.5|0|2|1
307|8|||||||||||||0|4|1
307|10|||||||||||||0|12|1
307|11|27|78|494|1|571.5|47.625|18.5|2632.5|193.5|28|538.5822|2812|0|12|1
307|12|||||||||||||0|6|1
307|13|||||||||||||4|4|2
307|14|||||||||||||9|0|0
307|15|78|124|390|220|404|28.85714|132|76|2189|30|72.58064|2250|8|6|2
308|4|||||||||||||0|3|1
309|7|||||||||||||0|4|1
309|9|||||||||||||0|6|1
309|10|||||||||||||0|4|1
309|11|||||||||||||0|3|1
309|12|||||||||||||0|3|1
309|13|||||||||||||0|2|1
309|15|||||||||||||0|2|1
309|16|||||||||||||0|5|1
310|12|2|7|41|0|48|48|42|96|665|295|30.675|613.5|||
310|15|||||||||||||0|4|1
313|7|||||||||||||4|9|2
313|8|13|90|92|25|169.5|42.375|38|120|239|114|25.16667|302|2|2|2
313|9|||||||||||||2|7|2
313|10|||||||||||||0|6|1
313|11|||||||||||||3|6|2
313|12|||||||||||||22|4|2
313|13|72|12|15875|0|15887|1323.917|6|1|1316|0|1317|1317|12|0|0
313|14|7|3|1317|0|1320|1320|9|2|1317|2|329.5|1318|||
315|8|7|0|0|12|-6|-6|50|0|0|109|-6.8125|-54.5|||
315|9|14|2|27|20|19|6.333333|30|48|134|33|16.55|165.5|0|3|1
315|10|2|19|23|0|42|42|42|184|614|0|66.5|798|||
316|8|||||||||||||0|2|1
316|10|7|11|84|2|94|47|49|66|258|29|103.1667|309.5|||
321|12|||||||||||||0|3|1
326|16|||||||||||||0|4|1
329|7|||||||||||||0|9|1
329|9|||||||||||||0|6|1
329|13|||||||||||||0|25|1
329|14|||||||||||||0|21|1
329|15|||||||||||||0|2|1
329|16|5|0|36|0|36|36|1274|191|619|587|28.69444|516.5|||
330|3|104|2902|4104|0|7006|218.9375|468|11442|8479.5|4876.5|238.0741|17483.25|32|0|0
330|4|37|495|1656|0|2151|215.1|761|9192|15269|1807|142.7727|23557.5|10|0|0
330|5|58|3937|2121|0|6058|466|559|4473|7364|3612|99.31683|10031|13|0|0
330|6|93|594|1625|303|2067.5|121.6176|1477|9235|13363|5316|114.5977|19940|17|0|0
330|7|||||||||||||3|0|0
330|14|22|140|175|19|305.5|38.1875|191|2721|1131|949|64.95192|3377.5|0|8|1
333|10|||||||||||||0|4|1
333|14|||||||||||||0|2|1
333|15|9|3|51|5|51.5|17.16667|3|1|22|0|23|23|0|3|1
333|16|||||||||||||0|7|1
334|15|||||||||||||0|3|1
335|2|62|290|1704|52|1968|131.2|227.6667|2219.333|14277|374.6667|441.6226|16309|4|11|2
335|3|85|235|253|585|195.5|12.21875|122.1667|747.1667|840.5|806.8333|10.06733|1184.25|2|14|2
335|4|489|3175|5346|2833|7104.5|98.67361|1381.2|9037.8|18316|22706.2|238.208|16000.7|49|23|2
335|5|||||||||||||81|3|2
335|6|958|4526|6773|10879|5859.5|46.876|129.25|715.5|3907.25|6484.5|49.12352|1380.5|106|19|2
335|7|358|2742|3974|1657|5887.5|78.5|903.6|15830.6|9688.8|2657.6|504.5476|24190.6|55|20|2
335|9|53|241|969|151|1134.5|126.0556|1056|5688|20565|5949|247.6436|23278.5|3|6|2
335|10|257|1223|5023|981|5755.5|71.05556|898|8645.4|18097.4|6763.8|149.312|23360.9|76|5|2
335|11|18|86|153|42|218|21.8|369.5|2087.5|3660.5|1776.5|123.5092|4859.75|4|6|2
338|14|||||||||||||0|8|1
338|16|2|0|10|1|9.5|9.5|79|59|951|1006|13.7027|507|||
339|12|||||||||||||0|2|1
339|13|||||||||||||0|8|1
339|14|5|9|80|14|82|27.33333|14|11|381|0|35.63636|392|0|2|1
339|15|||||||||||||0|10|1
339|16|||||||||||||0|2|1
341|3|1|0|0|1|-.5|-.5|670|13218|13965|9753|142.9904|22306.5|||
341|4|||||||||||||0|5|1
341|6|||||||||||||0|2|1
341|7|||||||||||||0|7|1
341|9|4|0|48|10|43|21.5|67|290|1688|56|139.2857|1950|0|2|1
341|10|41|33|170|26|190|190|49|66|258|29|103.1667|309.5|||
341|11|2|0|16|1|15.5|15.5|21|0|179|7|13.5|175.5|||
341|14|6|15|161|0|176|176|424|791|6683|8868|33.77778|3040|||
344|2|300|1299|6010|1089|6764.5|150.3222|202.5|4559.5|4099.5|488.5|156.0442|8414.75|31|14|2
344|3|1193|4701|16402|10972|15617|88.73296|2656|17249|29044|17344|70.98302|37621|157|19|2
344|4|2700|12771|30336|31177|27518.5|90.82013|2811.5|16944.5|24191|50844|96.01697|15713.5|287|16|2
344|5|14|59|198|5|254.5|36.35714|559|4473|7364|3612|99.31683|10031|0|7|1
344|7|||||||||||||0|3|1
344|8|3087|3290|4358|21818|-3261|-17.81967|640|519|2401|5829|.0395683|5.5|183|0|0
344|9|426|263|766|3957|-949.5|-29.67188|27.66667|408|308.3333|322|42.97009|555.3333|26|6|2
344|11|2|0|5|43|-16.5|-8.25|42|52|548|58|51.90909|571|0|2|1
346|13|||||||||||||0|8|1
347|16|||||||||||||0|8|1
349|15|||||||||||||0|11|1
349|16|44|20|1073|9|1088.5|181.4167|122|771.5|1784.5|1080.5|50.8125|2015.75|0|6|1
356|4|52|421|1513|273|1797.5|128.3929|761|9192|15269|1807|142.7727|23557.5|0|14|1
356|5|46|218|569|239|667.5|51.34615|559|4473|7364|3612|99.31683|10031|0|13|1
356|6|122|483|1879|190|2267|87.19231|1418.5|14550|20420|5889.5|158.9359|32025.25|12|14|2
356|7|76|290|1226|68|1482|98.8|625|6648|7493|1261|84.97169|13510.5|4|11|2
357|11|2|1|196|102|146|146|42|28|3274|3455|92.61765|1574.5|||
357|12|13|5|311|385|123.5|123.5|264.6667|617.6667|6103.667|5063.333|68.02805|4189.667|||
357|13|14|189|1134|917|864.5|123.5|124.75|500.75|1958.75|1396.25|86.10333|1761.375|6|0|0
357|15|7|5|44|2|48|24|11|36|89|2|31|124|0|2|1
358|14|2|0|1|5|-1.5|-1.5|45|20|123|118|12|84|||
359|13|24|19|119|80|98|14|273|320|4095|4860|38.17308|1985|0|7|1
362|9|1113|235|3342|5333|910.5|37.9375|39.5|8|91|195|-.1875|1.5|0|24|1
362|10|||||||||||||0|19|1
362|12|||||||||||||0|5|1
362|13|||||||||||||0|2|1
365|16|||||||||||||0|6|1
367|13|||||||||||||0|3|1
367|14|||||||||||||0|11|1
370|15|4|0|42|89|-2.5|-2.5|4|0|43|91|-2.5|-2.5|||
371|8|||||||||||||13|0|0
371|9|||||||||||||35|0|0
371|10|||||||||||||17|0|0
371|11|||||||||||||9|0|0
371|12|||||||||||||0|11|1
371|13|||||||||||||0|9|1
375|9|||||||||||||0|4|1
375|13|11|158|79|0|237|39.5|238|1027|1819|2077|100.4167|1807.5|0|6|1
378|16|4|0|122|4|120|60|7|0|183|8|44.75|179|0|2|1
380|14|||||||||||||0|2|1
383|2|||||||||||||12|0|0
383|3|||||||||||||12|15|2
383|4|23|263|399|0|662|73.55556|179|3668|7810|14|152.9467|11471|0|9|1
383|5|||||||||||||0|22|1
383|6|||||||||||||0|15|1
383|7|43|79|387|50|441|31.5|226|1125|6856|10922|61.46341|2520|0|14|1
383|8|70|26|196|158|143|8.411765|70|278|1069.5|136|95.59579|1279.5|0|17|1
383|9|||||||||||||0|16|1
383|10|||||||||||||0|2|1
383|11|||||||||||||0|5|1
383|12|2|4|67|0|71|71|35|42|443|11|36.88462|479.5|||
384|12|41|48|1024|119|1012.5|84.375|37|26|1283|57|91.46429|1280.5|0|12|1
386|14|||||||||||||0|3|1
386|16|1|2|2|0|4|4|8|12|137|0|21.28572|149|||
389|11|21|0|179|7|175.5|13.5|2|0|16|1|15.5|15.5|0|13|1
389|12|||||||||||||0|3|1
389|13|||||||||||||0|6|1
389|16|1|0|0|3|-1.5|-1.5|6|13|251|5|65.375|261.5|||
390|1|||||||||||||2|0|0
390|2|||||||||||||19|0|0
390|3|||||||||||||29|0|0
390|4|||||||||||||2|33|2
390|5|||||||||||||46|16|2
390|6|||||||||||||130|7|2
390|7|||||||||||||16|17|2
390|8|||||||||||||9|16|2
390|9|186|1794|2553|1386|3654|79.43478|85|1731|658|1363|74.23913|1707.5|44|2|2
390|10|885|6561|4338|2334|9732|94.48544|652.75|7307.5|3136.25|1740.5|104.3532|9573.5|103|0|0
390|11|362|1837|2870|3389|3012.5|46.34615|37|676|266|184|94.44444|850|65|0|0
390|12|111|1037|813|935|1382.5|57.60417|9.5|139.5|77|91|44.625|171|19|5|2
390|13|111|39|524|661|232.5|10.1087|168|1549|1406|404|101.963|2753|23|0|0
390|14|51|9|236|302|94|15.66667|12|2|37|99|-10.5|-10.5|6|0|0
390|15|||||||||||||2|13|2
390|16|||||||||||||0|3|1
392|14|||||||||||||0|4|1
393|13|||||||||||||0|8|1
396|3|||||||||||||0|2|1
396|11|1|3|33|0|36|36|17|31|616|0|71.88889|647|||
399|16|5|0|0|5|-2.5|-.5|542|3448|5399|4022|58.93103|6836|0|5|1
401|3|||||||||||||0|2|1
401|5|2|0|43|0|43|43|60|385|710|13|60.47222|1088.5|||
401|6|2|0|3|7|-.5|-.25|154|1921|1795|614|66.84314|3409|0|2|1
401|8|2|16|49|0|65|65|560|2456|10058|3483|97.04955|10772.5|||
402|15|||||||||||||0|4|1
402|16|||||||||||||0|2|1
403|2|26|705|1230|2|1934|80.58334|251|7871|8760|11602|270.75|10830|24|0|0
403|3|305|3111|3805|339|6746.5|95.02113|271.25|4518.5|5462.75|3466.75|156.8213|8247.875|64|7|2
403|4|||||||||||||3|0|0
404|3|||||||||||||0|6|1
404|4|||||||||||||0|3|1
404|9|2|3|1|2|3|3|4|6|19|62|-1.5|-6|||
405|3|||||||||||||0|2|1
405|9|35|3663|32|75|3657.5|457.1875|74.5|4037|577.5|746.5|307.5206|4241.25|8|0|0
405|10|6|59|240|0|299|99.66666|6|111|39|0|50|150|0|3|1
408|6|||||||||||||2|0|0
408|9|||||||||||||5|0|0
408|10|||||||||||||3|0|0
411|9|8|10|64|10|69|34.5|140|739|2860|578|47.97102|3310|0|2|1
412|12|||||||||||||10|0|0
412|13|28|79|1302|0|1381|197.2857|125|595.5|1183.5|583.5|57.66406|1487.25|7|0|0
412|16|||||||||||||0|2|1
417|8|||||||||||||0|10|1
417|9|||||||||||||0|3|1
417|10|||||||||||||0|3|1
417|11|||||||||||||0|2|1
417|13|||||||||||||0|3|1
417|14|44|197|535|948|258|64.5|11|48|133|237|62.5|62.5|0|4|1
420|2|||||||||||||0|9|1
420|3|10|40|330|333|203.5|203.5|571.5|8454.5|13311|11030.5|133.6537|16250.25|||
420|8|4|0|26|2|25|25|32|47|80|99|6.458333|77.5|||
420|9|6|13|28|15|33.5|11.16667|31|46|443|15|48.15|481.5|0|2|1
420|10|5|3|98|0|101|101|19|21|336|0|71.4|357|||
422|8|50|0|0|109|-54.5|-6.8125|7|0|0|12|-6|-6|0|8|1
422|9|30|48|134|33|165.5|16.55|14|2|27|20|6.333333|19|0|10|1
422|10|42|184|614|0|798|66.5|137|991.5|1938.5|235|44.65678|2812.5|0|12|1
423|4|||||||||||||0|6|1
423|13|16|22|34|4|54|27|17|120|227|2|46.75|346|0|2|1
424|12|20|119|1402|168|1437|130.6364|15|171|1602|28|195.4444|1759|11|0|0
424|13|||||||||||||6|0|0
424|14|||||||||||||2|0|0
424|15|||||||||||||4|0|0
429|7|||||||||||||0|3|1
429|8|||||||||||||3|0|0
429|9|1056|5688|20565|5949|23278.5|247.6436|58.5|3028|1031.5|75.5|278.934|4021.75|71|23|2
429|10|1562|10036|24035|8406|29868|228|646.5|4823.5|9638.5|2584|93.3494|13170|123|8|2
429|14|||||||||||||0|10|1
429|15|||||||||||||0|7|1
429|16|||||||||||||0|3|1
437|15|||||||||||||0|4|1
438|4|||||||||||||0|2|1
438|9|7|0|100|8|96|24|26|17|186|281|5.208333|62.5|0|4|1
438|10|||||||||||||0|4|1
441|1|||||||||||||3|0|0
441|2|323|3443|3733|14|7169|512.0714|25|238|301|1|538.5|538.5|14|0|0
441|3|6|78|321|0|399|133|670|13218|13965|9753|142.9904|22306.5|0|3|1
441|4|||||||||||||0|5|1
441|5|||||||||||||0|3|1
441|7|98|5076|1879|0|6955|496.7857|59|3922|985|0|613.375|4907|14|0|0
441|15|10|61|166|0|227|45.4|11|36|89|2|31|124|0|5|1
442|14|||||||||||||0|3|1
444|14|2|0|15|10|10|10|170|326|2430|403|29.02841|2554.5|||
446|7|||||||||||||0|9|1
446|8|||||||||||||0|5|1
446|9|||||||||||||0|22|1
446|10|||||||||||||0|41|1
446|11|117|1712|4342|139|5984.5|206.3621|172.5|569.25|2402.75|577.25|177.9496|2683.375|0|29|1
446|12|||||||||||||2|10|2
446|13|||||||||||||7|2|2
446|15|||||||||||||5|0|0
447|15|||||||||||||0|4|1
449|3|94|66|2712|22|2767|172.9375|670|13218|13965|9753|142.9904|22306.5|14|2|2
449|4|116|767|3254|18|4012|200.6|761|9192|15269|1807|142.7727|23557.5|14|6|2
449|5|31|211|501|0|712|30.95652|559|4473|7364|3612|99.31683|10031|0|23|1
449|6|2|2|5|0|7|3.5|1477|9235|13363|5316|114.5977|19940|0|2|1
449|8|205|2672|6611|2377|8094.5|161.89|295.5|1872.333|6782.667|4575.667|158.4206|6367.167|47|3|2
449|9|221|472|3856|8418|119|5.409091|306.75|1928.25|6638.5|4673.5|66.92738|6230|8|14|2
449|10|217|241|4444|8263|553.5|14.56579|234.75|1535.75|4264|5079.5|72.85514|3260|6|32|2
449|12|218|505|2976|4762|1100|25.5814|267|1013|4405|2717|82.84694|4059.5|0|43|1
450|3|||||||||||||0|2|1
450|4|38|112|364|55|448.5|28.03125|308|2185.5|5024.5|2172|55.90488|6124|0|16|1
450|5|||||||||||||0|2|1
450|6|||||||||||||15|0|0
450|7|||||||||||||27|0|0
450|8|284|2712|10273|12163|6903.5|156.8977|330.8|2174.6|7200.8|3530.6|161.2477|7610.1|44|0|0
450|9|65|3427|2466|898|5444|209.3846|452|3280|11296|5002|126.5289|12075|23|3|2
450|10|178|3862|6075|6891|6491.5|196.7121|255.75|1224.75|4571.75|5714|66.0766|2939.5|33|0|0
451|2|||||||||||||7|0|0
451|3|||||||||||||17|0|0
451|4|84|3234|5919|14|9146|653.2857|516|3926|8813|4286|64.60976|10596|14|0|0
454|9|18|0|933|0|933|155.5|15|0|997|0|199.4|997|6|0|0
454|12|||||||||||||10|0|0
454|13|47|204|1032|0|1236|72.70588|43|152|602|15|41.47222|746.5|9|8|2
454|14|||||||||||||2|0|0
454|15|10|6|1563|0|1569|313.8|185|1618|2987|7053|41.48077|1078.5|5|0|0
456|4|||||||||||||0|11|1
456|5|113|420|2497|250|2792|73.47369|559|4473|7364|3612|99.31683|10031|18|20|2
456|6|202|598|3565|887|3719.5|70.17924|535|4831|2362|2604|147.275|5891|41|12|2
456|7|||||||||||||17|5|2
456|8|||||||||||||4|4|2
456|9|140|739|2860|578|3310|47.97102|8|10|64|10|34.5|69|26|43|2
456|10|||||||||||||3|0|0
456|11|||||||||||||3|13|2
456|12|27|21|335|2|355|29.58333|295.5|465.5|6017|3553.5|51.49296|4705.75|0|12|1
457|14|||||||||||||3|0|0
457|15|||||||||||||12|0|0
458|3|||||||||||||0|2|1
458|4|||||||||||||0|4|1
458|5|22|19|735|21|743.5|57.19231|291.5|2261.5|3762|1807.5|62.68967|5119.75|0|13|1
458|6|4|14|44|0|58|29|1477|9235|13363|5316|114.5977|19940|0|2|1
461|16|||||||||||||0|8|1
462|11|26|40|356|51|370.5|26.46428|19|2651.5|262.5|3|549.1625|2912.5|0|14|1
462|15|17|4|142|12|140|46.66667|499|844|3806|2942.5|86.4711|3178.75|0|3|1
463|11|||||||||||||0|3|1
463|12|4|5|143|0|148|74|22|49.5|362|147.5|46.3375|337.75|0|2|1
463|13|||||||||||||0|5|1
463|15|||||||||||||0|5|1
463|16|6|4|179|94|136|45.33333|1274|191|619|587|28.69444|516.5|0|3|1
465|14|50|16|264|127|216.5|21.65|37|399|176|111|30.55882|519.5|10|0|0
465|15|||||||||||||5|0|0
467|10|||||||||||||0|7|1
467|11|||||||||||||0|4|1
467|12|||||||||||||0|12|1
467|13|13|12|608|0|620|124|115|1128|775|0|190.3|1903|0|5|1
468|6|97|4861|959|13|5813.5|968.9167|168.6667|7230|1846.333|31.33333|799.6809|9060.667|6|0|0
468|7|47|1666|379|99|1995.5|249.4375|271.3333|4948.667|3577.333|560.6667|548.8848|8245.667|2|6|2
468|10|||||||||||||0|2|1
468|11|||||||||||||5|0|0
471|15|||||||||||||0|2|1
473|4|29|25|775|34|783|60.23077|761|9192|15269|1807|142.7727|23557.5|0|13|1
473|5|||||||||||||0|17|1
473|6|||||||||||||0|5|1
473|16|||||||||||||0|4|1
476|2|||||||||||||0|4|1
476|14|||||||||||||3|0|0
476|15|396|709|48326|97765|152.5|3.910256|54.33333|856|1453.667|1815|111.4962|1402.167|39|0|0
479|3|93|48|1844|72|1856|80.69566|1663|15233.5|21504.5|13548.5|106.9867|29963.75|0|23|1
479|11|17|31|616|0|647|71.88889|1|3|33|0|36|36|0|9|1
479|12|11|16|110|0|126|18|90|516|4544|4369|119.8125|2875.5|0|7|1
479|13|1|10|14|0|24|24|55|45|254|447|6.863636|75.5|||
481|12|||||||||||||0|11|1
483|9|||||||||||||0|10|1
483|10|91|60|1127|690|842|16.19231|380|3070|5640.5|220.5|65.04394|8600.25|0|52|1
483|11|||||||||||||0|9|1
483|12|||||||||||||0|8|1
483|13|26|12|92|66|71|11.83333|9|4|26|29|15.5|15.5|0|6|1
483|14|45|20|123|118|84|12|10|2|103|148|2.136364|31|0|7|1
484|2|||||||||||||0|4|1
484|3|||||||||||||0|14|1
485|10|||||||||||||0|4|1
485|11|||||||||||||0|3|1
485|12|||||||||||||20|0|0
485|13|||||||||||||5|0|0
486|12|||||||||||||0|6|1
486|14|||||||||||||0|3|1
489|2|||||||||||||8|0|0
489|3|88|1137|1040|858|1748|76|100.3333|581.3333|2347|420.3333|128.25|2718.167|23|0|0
490|3|3|38|98|176|48|16|88|1137|1040|858|76|1748|3|0|0
490|15|||||||||||||0|3|1
493|15|||||||||||||0|5|1
495|5|8|0|12|5|9.5|3.166667|2|0|4|1|3.5|3.5|0|3|1
495|6|||||||||||||0|2|1
495|7|||||||||||||0|10|1
495|8|80|488|2028|42|2495|124.75|100|235|1109|257|41.91379|1215.5|0|20|1
495|9|||||||||||||0|8|1
495|10|||||||||||||0|13|1
495|11|3|105|71|0|176|176|6|46|136|0|91|182|||
495|13|45|207|1090|0|1297|129.7|467|430|1707|2711|7.514423|781.5|0|10|1
496|11|6|46|136|0|182|91|3|105|71|0|176|176|0|2|1
497|15|||||||||||||0|3|1
500|6|||||||||||||8|0|0
500|7|||||||||||||10|7|2
500|8|||||||||||||0|7|1
500|9|6|6|57|0|63|21|879|11153|19050|12697|193.939|23854.5|0|3|1
500|10|26|119|241|0|360|36|15|149|104|0|50.6|253|0|10|1
505|14|||||||||||||0|4|1
505|15|||||||||||||0|6|1
509|14|||||||||||||6|0|0
509|15|||||||||||||49|0|0
509|16|||||||||||||4|0|0
517|6|2294|0|5618|11373|-68.5|-22.83333|4500|4621|15992.5|21169|62.21552|10029|0|3|1
517|7|||||||||||||0|11|1
517|8|53|233|711|3|942.5|62.83333|40|321|1030|15|149.2778|1343.5|0|15|1
517|9|||||||||||||0|7|1
517|10|||||||||||||0|5|1
517|11|10|176|159|0|335|67|2|33|35|0|68|68|0|5|1
517|14|||||||||||||0|3|1
517|15|4|0|43|91|-2.5|-2.5|4|0|42|89|-2.5|-2.5|||
518|15|54|699|401|0|1100|68.75|396|709|48326|97765|3.910256|152.5|16|0|0
518|16|||||||||||||2|0|0
519|2|||||||||||||10|4|2
519|3|131|927|1643|715|2212.5|105.3571|670|13218|13965|9753|142.9904|22306.5|10|11|2
519|4|||||||||||||2|2|2
519|5|142|782|1253|225|1922.5|66.29311|559|4473|7364|3612|99.31683|10031|8|21|2
519|6|11|22|79|53|74.5|14.9|1477|9235|13363|5316|114.5977|19940|0|5|1
519|7|||||||||||||0|2|1
519|9|||||||||||||0|5|1
519|10|77|115|745|102|809|27.89655|19|48|352.5|9|70.26136|396|0|29|1
519|11|||||||||||||0|9|1
519|12|||||||||||||0|2|1
520|11|121|874|1793|56|2639|50.75|123|1618.5|1522.5|82|99.45834|3100|6|46|2
520|12|17|63|284|21|336.5|42.0625|365|1828|3468.5|736|40.63751|4928.5|4|4|2
520|13|18|67|134|18|192|27.42857|596.6667|1360.333|5512.667|3709.667|44.89243|5018.167|4|3|2
520|14|17|0|86|16|78|9.75|104.4|404.6|858.2|309.8|22.04783|1107.9|5|3|2
525|3|12|0|333|0|333|111|670|13218|13965|9753|142.9904|22306.5|3|0|0
525|4|||||||||||||0|2|1
525|8|||||||||||||0|2|1
525|13|||||||||||||0|3|1
528|13|||||||||||||16|0|0
530|15|||||||||||||0|2|1
531|6|||||||||||||3|0|0
535|8|||||||||||||0|2|1
535|9|||||||||||||0|3|1
535|10|||||||||||||5|0|0
535|11|||||||||||||0|3|1
535|12|||||||||||||3|0|0
535|13|8|18|292|0|310|77.5|10|30|321|0|70.2|351|0|4|1
535|15|||||||||||||0|3|1
537|12|2|12|24|0|36|36|128|226|3373|0|71.98|3599|||
537|14|75|167|803|534|703|54.07692|20|17|243|1|64.875|259.5|13|0|0
537|15|65|163|667|408|626|78.25|150|210|1062|1533|18.72222|505.5|8|0|0
538|12|||||||||||||3|0|0
538|14|||||||||||||5|0|0
539|12|||||||||||||0|4|1
539|15|||||||||||||8|0|0
540|15|||||||||||||0|4|1
541|12|||||||||||||0|11|1
543|13|||||||||||||0|3|1
543|14|||||||||||||0|5|1
545|12|77|64|544|144|536|29.77778|335|1827.5|3338.5|674.5|46.77987|4828.75|18|0|0
545|13|82|52|1270|165|1239.5|45.90741|575.3333|1365.333|5134|3660.667|38.73282|4669|27|0|0
545|14|18|0|94|1|93.5|18.7|93.5|163|1258|209.5|19.3892|1316.25|0|5|1
547|15|||||||||||||2|0|0
552|15|||||||||||||0|3|1
553|2|||||||||||||0|5|1
553|3|268|892|3091|159|3903.5|125.9194|339.5|6628|7054|4876.5|116.7452|11243.75|15|16|2
553|4|291|2402|4399|177|6712.5|268.5|386|4596|7679|903.5|78.80303|11823.25|10|15|2
553|5|339|3206|5115|127|8257.5|250.2273|362|4728|14889|15406|170.2|11914|10|23|2
553|6|||||||||||||12|6|2
553|7|||||||||||||3|5|2
553|8|||||||||||||4|2|2
553|9|1130|7144|7024|74|14131|235.5167|257|2797|2778.5|772|99.87531|5189.5|55|5|2
553|10|1392|23473|9294|41|32746.5|564.5948|1213|29389|3472|1507|258.9315|32107.5|56|2|2
553|11|||||||||||||12|0|0
553|12|||||||||||||13|0|0
554|7|||||||||||||0|3|1
556|7|||||||||||||0|17|1
556|8|||||||||||||0|3|1
556|14|||||||||||||0|2|1
557|15|128|123|123|204|144|36|523|1952.5|3948.5|1127|71.15514|5337.5|4|0|0
558|15|424|309|372|681|340.5|26.19231|375|1859.5|3824|888.5|76.05899|5239.25|13|0|0
563|2|||||||||||||2|7|2
563|3|||||||||||||11|8|2
563|4|||||||||||||0|4|1
563|7|||||||||||||0|2|1
563|8|544|9315|2997|165|12229.5|138.9716|40|321|1030|15|149.2778|1343.5|82|6|2
563|9|455|8106|3027|75|11095.5|149.9392|14|8.5|94|140.5|3.104167|32.25|62|12|2
563|10|640|5519|5700|6002|8218|91.31111|1036|8424|14254|4187|115.6433|20584.5|15|75|2
563|11|||||||||||||0|15|1
563|12|||||||||||||0|5|1
564|3|54|1720|4378|11402|397|9.452381|125|4658|6559.5|14878.5|73.90288|3778.25|42|0|0
565|9|||||||||||||0|5|1
565|10|||||||||||||0|14|1
565|15|||||||||||||10|0|0
570|12|||||||||||||22|0|0
570|13|14|72|360|0|432|61.71429|230|1120|1808|1166|36.64063|2345|0|7|1
570|15|||||||||||||0|6|1
572|15|2|0|21|0|21|21|18|0|180|0|20|180|||
573|15|18|0|180|0|180|20|2|0|21|0|21|21|9|0|0
575|1|||||||||||||0|3|1
575|3|||||||||||||0|27|1
575|4|||||||||||||7|28|2
575|5|||||||||||||0|7|1
584|9|15|0|997|0|997|199.4|18|0|933|0|155.5|933|5|0|0
589|2|5|8|121|0|129|64.5|146.5|3961.5|4899.5|5801|161.3512|5960.5|0|2|1
589|3|||||||||||||0|2|1
589|4|||||||||||||0|10|1
589|5|31|18|402|13|413.5|22.97222|559|4473|7364|3612|99.31683|10031|8|10|2
589|6|||||||||||||3|3|2
592|13|||||||||||||0|2|1
594|15|1|0|0|1|-.5|-.5|4|8|70|1|38.75|77.5|||
595|2|||||||||||||4|0|0
595|3|490|13737|6787|5025|18011.5|113.9968|337.5|6619.5|7009.5|4876.5|108.9952|11190.75|158|0|0
595|4|2115|31512|9477|17831|32073.5|302.5802|1290|20263|11047|6416.5|217.1274|28101.75|67|39|2
595|5|970|9519|4034|6062|10522|172.4918|1070.5|7187.5|7632.5|8797.5|119.863|10421.25|40|21|2
595|6|370|69|2176|557|1966.5|89.38636|238|650|3448|570|63.55|3813|20|2|2
595|7|||||||||||||2|0|0
595|8|||||||||||||0|33|1
595|9|255|313|2290|233|2486.5|46.0463|356|1303.5|3964|760|39.74837|4887.5|0|54|1
595|10|1650|15824|11574|7711|23542.5|169.3705|799.4|11157.8|8843.4|1110.8|130.8616|19445.8|99|40|2
595|11|222|2897|2937|72|5798|148.6667|121|874|1793|56|50.75|2639|24|15|2
596|4|20|321|867|0|1188|132|761|9192|15269|1807|142.7727|23557.5|5|4|2
596|5|84|1471|678|39|2129.5|236.6111|559|4473|7364|3612|99.31683|10031|0|9|1
596|7|2|6|13|0|19|9.5|625|6648|7493|1261|84.97169|13510.5|0|2|1
596|8|38|120|239|114|302|25.16667|56.5|162.5|600.5|141|42.1444|692.5|2|10|2
596|9|||||||||||||0|19|1
596|10|||||||||||||0|2|1
598|14|||||||||||||0|2|1
599|14|7|17|74|54|64|64|137|226.5|1565|337|25.31889|1623|||
599|15|1|0|1|2|0|0|29|51|234|186|17.45455|192|||
601|4|||||||||||||0|4|1
601|6|||||||||||||9|0|0
601|7|12|579|142|0|721|240.3333|1353|14280|14316|4031|111.2155|26580.5|3|0|0
601|9|||||||||||||6|0|0
601|10|||||||||||||5|0|0
603|10|2|2|24|0|26|26|424.5|3099|6192|565.5|60.14009|9008.25|||
605|3|||||||||||||0|11|1
606|9|||||||||||||0|5|1
606|10|||||||||||||0|4|1
623|7|||||||||||||0|3|1
623|15|||||||||||||4|0|0
624|11|||||||||||||0|3|1
624|12|||||||||||||0|5|1
626|2|288|80161|3903|1389|83369.5|1029.253|190|23139|4657.5|6459|639.375|24567|75|6|2
626|3|1662|34233|12898|13708|40277|225.0112|279.5|9658|5023|3966|255.9085|12698|172|7|2
626|4|1819|31334|6825|11026|32646|291.4821|1171.5|18109|4997.5|8954|274.7544|18629.5|88|24|2
626|5|1582|9902|7901|13983|10811.5|140.4091|970|9519|4034|6062|172.4918|10522|58|19|2
626|6|1144|17459|8949|15971|18422.5|252.363|737.3333|5367.667|6717|3420.667|152.6242|10374.33|59|14|2
626|7|153|2295|1802|2865|2664.5|106.58|611|10155.67|10724.67|3462.333|110.4087|19149.17|11|14|2
626|9|||||||||||||0|29|1
626|10|1213|29389|3472|1507|32107.5|258.9315|920.25|10410|5895.25|2398.5|207.643|15106|109|15|2
626|11|716|12670|6171|839|18421.5|175.4429|596|16063|3158|1465|177.4047|18488.5|102|3|2
626|12|64|2006|1661|530|3402|425.25|42|96|665|295|30.675|613.5|8|0|0
626|13|168|1549|1406|404|2753|101.963|202.3333|863|6740.333|7257.333|111.7206|3974.667|27|0|0
627|13|2|7|37|0|44|44|10|30|321|0|70.2|351|||
631|11|||||||||||||0|2|1
637|12|22|21|509|0|530|88.33334|128|226|3373|0|71.98|3599|6|0|0
637|13|87|159|1726|10|1880|170.9091|24|51|471|3|173.5|520.5|11|0|0
638|13|24|51|471|3|520.5|173.5|87|159|1726|10|170.9091|1880|3|0|0
642|12|||||||||||||0|2|1
642|13|51|32|708|76|702|78|20|20|363|0|76.6|383|0|9|1
644|2|||||||||||||0|2|1
644|3|259|5160|4596|3040|8236|235.3143|709|10431.5|11071.5|3069.5|207.4209|19968.25|25|10|2
644|4|225|3418|5939|6414|6150|136.6667|450.75|3558|7827.75|3197.5|91.75853|9787|7|38|2
644|5|||||||||||||0|14|1
644|6|||||||||||||0|4|1
644|7|||||||||||||0|25|1
644|8|5|0|65|75|27.5|13.75|7|5|95|75|20.83333|62.5|0|2|1
645|8|7|5|95|75|62.5|20.83333|5|0|65|75|13.75|27.5|0|3|1
648|13|1|0|4|9|-.5|-.5|122|283|1944|267|32.71094|2093.5|||
648|14|6|0|16|19|6.5|1.625|74.66666|241.6667|897.3333|176.6667|23.11241|1050.667|2|2|2
650|12|||||||||||||0|3|1
652|9|6|128|392|0|520|260|23.5|461.5|1627|0|223.1563|2088.5|2|0|0
654|15|2|0|0|3|-1.5|-1.5|3|0|0|4|-1|-2|||
655|7|25|56|257|23|301.5|43.07143|6|15|15|11|12.25|24.5|0|7|1
655|12|||||||||||||0|2|1
655|15|3|0|0|4|-2|-1|2|0|0|3|-1.5|-1.5|0|2|1
658|9|||||||||||||0|4|1
658|11|||||||||||||0|6|1
658|13|||||||||||||0|3|1
663|3|256|11188|6255|8|17439|317.0727|563|15490.5|12967|4904.5|217.103|26005.25|55|0|0
663|4|377|14090|15264|39|29334.5|407.4236|585|11081.5|15480|921|248.2043|26101|72|0|0
663|5|||||||||||||0|2|1
663|6|||||||||||||0|6|1
663|7|256|951|1330|1097|1732.5|55.8871|788.5|5896.5|8332.5|3958|69.55358|12250|9|22|2
663|8|||||||||||||9|7|2
663|9|||||||||||||13|5|2
663|10|||||||||||||10|0|0
663|12|43|1439|385|0|1824|152|1162|15610|21575|31335|69.63593|21517.5|12|0|0
663|13|76|777|1387|2|2163|113.8421|118.3333|647.6667|1502|912|79.97545|1693.667|11|8|2
664|14|||||||||||||0|2|1
667|14|||||||||||||0|3|1
668|6|||||||||||||3|0|0
668|7|||||||||||||6|2|2
668|8|||||||||||||0|13|1
668|10|49|66|258|29|309.5|103.1667|24|22|127|14|118.5|142|3|0|0
668|11|||||||||||||0|10|1
668|13|2|2|10|0|12|12|6|6|30|0|12|36|||
669|14|||||||||||||0|5|1
672|2|||||||||||||0|5|1
672|3|||||||||||||0|2|1
672|5|113|80|6569|156|6571|172.9211|751.5|7737.5|7251.5|4154.5|81.11758|12911.75|38|0|0
672|6|||||||||||||13|0|0
672|7|||||||||||||8|0|0
674|12|||||||||||||0|9|1
676|13|||||||||||||0|2|1
680|13|||||||||||||0|11|1
684|3|||||||||||||11|0|0
688|8|||||||||||||0|3|1
688|9|9|15|147|0|162|40.5|64|60|728|28|51.6|774|0|3|1
689|4|||||||||||||0|4|1
689|6|||||||||||||0|3|1
689|7|||||||||||||0|35|1
689|8|||||||||||||0|15|1
689|9|||||||||||||0|5|1
696|5|||||||||||||0|6|1
696|6|4|4|48|0|52|26|1477|9235|13363|5316|114.5977|19940|0|2|1
704|2|||||||||||||0|8|1
704|3|||||||||||||0|15|1
704|13|||||||||||||0|2|1
705|13|||||||||||||0|8|1
706|13|||||||||||||0|4|1
710|4|||||||||||||0|2|1
710|7|32|32|424|323|294.5|26.77273|319.6667|2375.333|4078|1297.333|60.13238|5804.667|11|0|0
714|13|1|0|12|26|-1|-1|159|843|9470.5|9959|144.9848|5334|||
715|4|||||||||||||0|3|1
716|3|31|43|463|0|506|46|4|2|38|0|13.33333|40|11|0|0
716|5|||||||||||||0|2|1
716|13|8|11|17|2|27|27|21|125.5|235.5|3|46.75|359.5|||
717|13|||||||||||||0|3|1
720|2|251|7871|8760|11602|10830|270.75|112.7143|9709.286|2574.143|2235.428|311.9301|11165.71|30|10|2
720|3|670|13218|13965|9753|22306.5|142.9904|160.4|3272.55|3111.05|1930.3|143.5854|5418.45|94|62|2
720|4|761|9192|15269|1807|23557.5|142.7727|292.7242|3886.034|4247.896|1799.172|163.1929|7234.345|83|82|2
720|5|559|4473|7364|3612|10031|99.31683|153.8|1636.56|2029.88|1208.44|119.4095|3062.22|46|55|2
720|6|1477|9235|13363|5316|19940|114.5977|493.8125|2921.781|3100.375|2467.875|385.1064|4788.219|80|94|2
720|7|625|6648|7493|1261|13510.5|84.97169|138.875|2184.5|2178.833|653.875|137.8808|4036.396|55|104|2
720|8|100|235|1109|257|1215.5|41.91379|165.9286|1111.143|3661.214|2205.786|99.00848|3669.464|3|26|2
723|13|||||||||||||0|3|1
724|13|||||||||||||0|2|1
724|14|||||||||||||0|2|1
727|12|||||||||||||0|6|1
727|13|20|20|363|0|383|76.6|51|32|708|76|78|702|0|5|1
729|4|||||||||||||7|6|2
730|13|||||||||||||0|2|1
733|12|||||||||||||0|2|1
735|10|||||||||||||0|2|1
736|13|||||||||||||0|7|1
737|13|||||||||||||0|8|1
738|8|||||||||||||0|6|1
738|9|||||||||||||0|9|1
738|10|||||||||||||0|2|1
738|11|||||||||||||0|2|1
741|10|||||||||||||0|7|1
741|11|||||||||||||0|2|1
742|9|||||||||||||21|0|0
742|10|60|1308|142|190|1355|112.9167|523|4321|7138.5|2109|114.1966|10405|12|0|0
742|12|30|65|625|339|520.5|27.39474|52|126|859|112|44.23809|929|6|13|2
742|13|||||||||||||2|12|2
743|7|||||||||||||0|10|1
743|13|||||||||||||0|6|1
744|3|||||||||||||9|0|0
744|10|27|26|332|0|358|32.54546|272|1964|3854|470|47.31356|5583|0|11|1
744|13|||||||||||||0|3|1
745|10|2|41|3|0|44|44|4|45|51|1|31.83333|95.5|||
745|12|15|27|48|0|75|37.5|11|50.5|159.5|0|112|210|0|2|1
745|13|3|36|138|0|174|87|26|229|437|2|66.5|665|0|2|1
750|1|||||||||||||0|4|1
750|2|40|85|391|330|311|23.92308|251|7871|8760|11602|270.75|10830|13|0|0
750|3|401|1559|10567|12427|5912.5|84.46429|670|13218|13965|9753|142.9904|22306.5|70|0|0
750|4|19|12|30|13|35.5|8.875|761|9192|15269|1807|142.7727|23557.5|0|4|1
750|6|4|6|20|0|26|13|16|176|64|0|30|240|||
750|7|1|0|4|0|4|4|625|6648|7493|1261|84.97169|13510.5|||
751|2|||||||||||||3|0|0
751|3|56|24|825|11|843.5|33.74|85|235|253|585|12.21875|195.5|8|17|2
751|4|774|2646|6665|1553|8534.5|89.83685|86|406|660|327|30.08333|902.5|13|82|2
751|5|572|1393|3042|235|4317.5|56.80921|2|15|24|2|38|38|20|56|2
751|6|535|4831|2362|2604|5891|147.275|941|9097.333|8625.667|7391.333|145.7133|14027.33|15|25|2
751|7|21|35|84|15|111.5|15.92857|625|6648|7493|1261|84.97169|13510.5|0|6|1
751|8|32|47|80|99|77.5|6.458333|4|0|26|2|25|25|6|6|2
751|9|31|46|443|15|481.5|48.15|6|13|28|15|11.16667|33.5|0|9|1
751|10|19|21|336|0|357|71.4|5|3|98|0|101|101|0|5|1
751|11|||||||||||||0|3|1
753|2|||||||||||||0|8|1
753|3|136|1786|2717|733|4136.5|108.8553|670|13218|13965|9753|142.9904|22306.5|14|24|2
753|4|||||||||||||7|5|2
753|6|2|2|2|0|4|2|154|1921|1795|614|66.84314|3409|0|2|1
753|7|||||||||||||0|10|1
753|8|||||||||||||0|10|1
753|9|||||||||||||0|16|1
753|12|||||||||||||0|11|1
753|13|||||||||||||0|13|1
754|13|||||||||||||0|3|1
757|5|||||||||||||0|3|1
761|9|||||||||||||0|26|1
761|10|1399|18063|4868|3317|21272.5|158.75|900|7674.667|5659.667|3565.667|99.74685|11551.5|116|18|2
761|11|1143|31411|5663|2833|35657.5|222.8594|267.3333|4687|2363.333|373.3333|133.9458|6863.667|148|12|2
761|12|250|3375|4925|1844|7378|78.48936|583.5|3677.5|8706|2450.5|103.9645|11158.25|80|14|2
763|4|3|0|43|0|43|21.5|1|0|5|0|5|5|0|2|1
763|9|||||||||||||3|0|0
765|12|||||||||||||0|8|1
765|13|||||||||||||0|5|1
769|11|||||||||||||0|2|1
769|13|||||||||||||0|2|1
770|3|||||||||||||0|8|1
772|8|2|49|58|0|107|107|8|204|398|0|150.5|602|||
772|9|8|140|544|0|684|228|22.5|455.5|1551|0|239.1563|2006.5|3|0|0
773|8|8|204|398|0|602|150.5|2|49|58|0|107|107|4|0|0
773|9|39|783|2710|0|3493|218.3125|7|134|468|0|244|602|16|0|0
775|4|||||||||||||0|2|1
775|5|||||||||||||0|2|1
779|6|||||||||||||21|14|2
779|7|||||||||||||2|25|2
779|8|||||||||||||0|2|1
779|9|122|1200|986|517|1927.5|53.54167|85|1731|658|1363|74.23913|1707.5|21|15|2
779|10|149|206|409|228|501|33.4|1025|10359|6382|2950|160.6947|15266|13|2|2
779|12|||||||||||||19|0|0
780|9|||||||||||||0|8|1
780|10|4|4|10|8|10|3.333333|1079|6304|31459|243|132.5405|37641.5|0|3|1
784|7|6|15|15|11|24.5|12.25|25|56|257|23|43.07143|301.5|0|2|1
787|13|||||||||||||0|3|1
788|2|||||||||||||0|4|1
788|3|107|87|1459|7|1542.5|55.08929|670|13218|13965|9753|142.9904|22306.5|14|14|2
788|4|||||||||||||4|28|2
788|5|24|50|160|3|208.5|26.0625|22|19|735|21|57.19231|743.5|0|8|1
788|6|36|41|297|58|309|19.3125|1477|9235|13363|5316|114.5977|19940|0|16|1
788|7|||||||||||||0|8|1
788|8|||||||||||||0|12|1
788|9|||||||||||||0|2|1
793|13|17|10|151|5|158.5|31.7|29|334|445|25|109.5|766.5|0|5|1
796|13|||||||||||||0|10|1
798|10|||||||||||||0|4|1
798|11|||||||||||||0|4|1
803|5|||||||||||||0|5|1
803|13|||||||||||||0|2|1
804|10|||||||||||||0|5|1
804|11|||||||||||||0|4|1
804|12|||||||||||||0|7|1
804|13|6|110|22|0|132|66|230|1120|1808|1166|36.64063|2345|0|2|1
805|8|||||||||||||0|2|1
805|9|||||||||||||0|3|1
806|9|26|5089|7|0|5096|509.6|50|1186|2295|0|290.0833|3481|10|0|0
806|10|17|2717|31|0|2748|549.6|205|2039|14649|0|695.3333|16688|5|0|0
806|11|||||||||||||2|0|0
806|12|||||||||||||10|0|0
808|5|120|233|1855|51|2062.5|62.5|2|1|18|0|19|19|0|33|1
808|6|||||||||||||0|17|1
808|11|2|33|35|0|68|68|10|176|159|0|67|335|||
809|8|||||||||||||0|6|1
809|9|||||||||||||0|2|1
809|10|||||||||||||0|6|1
809|12|4|42|126|0|168|84|42|96|665|295|30.675|613.5|0|2|1
816|8|||||||||||||2|0|0
816|9|||||||||||||2|0|0
816|11|||||||||||||5|0|0
816|12|||||||||||||11|0|0
817|9|||||||||||||3|0|0
817|11|||||||||||||2|0|0
817|12|||||||||||||6|0|0
823|11|||||||||||||0|4|1
825|13|6|42|35|0|77|25.66667|13|87|1509|1897|129.5|647.5|0|3|1
826|13|||||||||||||0|3|1
829|8|||||||||||||0|4|1
829|9|||||||||||||0|12|1
831|12|3|0|29|0|29|14.5|28|55.5|1095|0|87.31319|1150.5|2|0|0
832|12|31|5|427|0|432|30.85714|14|53|896|0|79.13461|949|14|0|0
832|13|||||||||||||12|0|0
835|10|93|291|1318|399|1409.5|93.96667|112|607.3333|1841.333|162.6667|142.0409|2367.333|0|14|1
835|11|181|4150|5173|2572|8037|365.3182|21|431|569|245|292.5|877.5|16|6|2
835|12|||||||||||||0|2|1
837|12|||||||||||||7|0|0
837|13|||||||||||||4|0|0
844|2|||||||||||||0|15|1
844|3|||||||||||||42|20|2
844|4|268|230|3657|6283|745.5|16.56667|225|3418|5939|6414|136.6667|6150|7|38|2
844|5|169|262|1813|946|1602|45.77143|6|4|18|2|10.5|21|0|35|1
844|6|||||||||||||0|5|1
844|7|||||||||||||0|8|1
844|8|||||||||||||0|4|1
844|9|67|290|1688|56|1950|139.2857|22|237.5|1147|9.5|161.6667|1379.75|4|10|2
844|10|34|69|564|17|624.5|56.77273|631|8452|8150|7062.25|111.5705|13070.88|0|11|1
844|11|||||||||||||0|6|1
844|12|5|32|102|0|134|134|653|3592|6393|1328|51.49724|9321|||
845|7|||||||||||||0|2|1
846|2|||||||||||||0|19|1
846|3|138|36|2469|61|2474.5|60.35366|38|54|586|98|45.46154|591|0|41|1
846|4|||||||||||||0|14|1
846|5|||||||||||||0|11|1
846|6|||||||||||||0|2|1
847|3|29|8|314|0|322|53.66667|670|13218|13965|9753|142.9904|22306.5|0|6|1
847|6|||||||||||||0|10|1
847|7|||||||||||||0|11|1
848|6|||||||||||||0|6|1
848|9|||||||||||||0|5|1
848|11|4|18|2|2|19|9.5|42|9|754|1438|3.666667|44|0|2|1
860|11|||||||||||||12|0|0
860|12|15|171|1602|28|1759|195.4444|20|119|1402|168|130.6364|1437|9|0|0
862|12|||||||||||||2|0|0
869|2|7|42|309|7|347.5|347.5|7|42|310|7|348.5|348.5|||
869|3|||||||||||||9|0|0
869|4|28|41|682|7|719.5|143.9|761|9192|15269|1807|142.7727|23557.5|5|0|0
869|5|131|4537|2020|18|6548|654.8|288|2293|3892.5|1807|182.9084|5282|10|0|0
869|6|251|12309|2421|29|14715.5|865.6177|117.3333|4747.333|1359|26|834.1139|6093.333|17|0|0
869|7|72|3336|899|403|4033.5|1008.375|263|4392|3404|459.3333|295.9056|7566.333|4|0|0
873|2|||||||||||||5|0|0
873|3|31|97|208|470|70|5|43|2977|1030|3238|103.8261|2388|12|2|2
873|12|||||||||||||0|4|1
875|11|||||||||||||0|6|1
879|12|||||||||||||0|2|1
883|10|||||||||||||0|2|1
886|10|||||||||||||0|9|1
886|11|||||||||||||0|7|1
886|12|||||||||||||0|3|1
887|11|||||||||||||4|0|0
887|12|||||||||||||15|0|0
895|5|||||||||||||0|7|1
895|6|||||||||||||57|2|2
895|7|||||||||||||5|0|0
895|8|||||||||||||3|0|0
895|9|85|1731|658|1363|1707.5|74.23913|154|1497|1769.5|951.5|66.48823|2790.75|23|0|0
895|10|6|214|20|162|153|76.5|30|1006|1039|386|185.2|1852|2|0|0
895|12|30|196|232|6|425|47.22222|191|1866|5270|10668|24.02667|1802|2|7|2
896|6|89|2064|201|0|2265|2265|593.75|8655.75|3832.5|1335.5|1999.416|11820.5|||
897|4|2|366|0|0|366|366|516|3926|8813|4286|64.60976|10596|||
897|6|180|4882|402|0|5284|2642|571|7951.25|3782.25|1335.5|1905.166|11065.75|2|0|0
900|12|||||||||||||0|2|1
902|8|||||||||||||0|4|1
902|12|||||||||||||0|4|1
904|12|||||||||||||0|3|1
907|5|||||||||||||0|5|1
910|11|||||||||||||0|2|1
911|3|||||||||||||0|5|1
911|4|10|2|229|26|218|54.5|1|0|0|13|-6.5|-6.5|2|2|2
911|7|||||||||||||0|3|1
911|8|||||||||||||0|3|1
911|12|||||||||||||0|2|1
919|7|||||||||||||0|13|1
920|11|||||||||||||0|3|1
922|11|||||||||||||0|6|1
922|12|||||||||||||0|6|1
928|11|||||||||||||0|4|1
936|10|||||||||||||0|7|1
936|11|||||||||||||0|3|1
936|12|||||||||||||0|6|1
939|4|||||||||||||0|3|1
939|5|||||||||||||0|3|1
939|12|||||||||||||0|2|1
941|2|||||||||||||36|5|2
941|3|43|2977|1030|3238|2388|103.8261|335.3333|5475.333|5992.667|3520.667|81.00384|9707.667|23|0|0
941|4|||||||||||||2|0|0
944|11|||||||||||||0|5|1
947|6|||||||||||||18|0|0
947|7|||||||||||||6|0|0
947|9|||||||||||||7|0|0
947|10|30|1006|1039|386|1852|185.2|6|214|20|162|76.5|153|10|0|0
953|3|||||||||||||0|2|1
953|5|||||||||||||0|4|1
958|11|||||||||||||0|9|1
961|11|||||||||||||0|8|1
963|8|||||||||||||7|0|0
963|9|||||||||||||10|0|0
963|10|||||||||||||10|0|0
964|3|||||||||||||0|12|1
965|6|42|3997|690|69|4652.5|775.4167|31|1223.5|362|16|697.2778|1577.5|0|6|1
966|9|||||||||||||0|9|1
968|9|||||||||||||0|3|1
968|10|||||||||||||0|16|1
968|11|4|0|35|1|34.5|34.5|187|534|814|1001|24.21428|847.5|||
970|2|||||||||||||0|4|1
970|3|||||||||||||0|23|1
970|9|||||||||||||0|15|1
974|9|||||||||||||0|3|1
974|11|||||||||||||0|5|1
975|2|121|2229|2266|660|4165|148.75|251|7871|8760|11602|270.75|10830|22|6|2
975|3|73|2731|2200|0|4931|214.3913|378|6798|7103|4963|82.1452|11419.5|8|15|2
975|4|||||||||||||0|2|1
975|6|11|1003|182|21|1174.5|1174.5|46.5|2720.5|616|40|497.7361|3316.5|||
975|9|41|8|94|195|4.5|1.125|575.5|121.5|1715|2764|18.21875|454.5|0|4|1
976|3|||||||||||||5|0|0
976|4|26|291|201|0|492|123|761|9192|15269|1807|142.7727|23557.5|4|0|0
976|9|||||||||||||0|2|1
976|10|32|50|418|0|468|78|65|382|802|68|54.76191|1150|0|6|1
976|11|||||||||||||0|2|1
989|8|||||||||||||3|0|0
989|9|64|5815|1094|0|6909|431.8125|1056|5688|20565|5949|247.6436|23278.5|16|0|0
991|8|||||||||||||0|8|1
991|10|84|1390|1981|3|3369.5|160.4524|461.5|3388.5|6162|546.5|69.73624|9277.25|21|0|0
992|3|||||||||||||0|2|1
993|10|||||||||||||0|4|1
1001|1|||||||||||||0|7|1
1001|2|136|936|1280|32|2200|220|251|7871|8760|11602|270.75|10830|0|10|1
1001|3|29|0|265|15|257.5|32.1875|670|13218|13965|9753|142.9904|22306.5|0|8|1
1001|4|||||||||||||0|10|1
1001|5|7|7|7|0|14|2|559|4473|7364|3612|99.31683|10031|0|7|1
1001|9|||||||||||||0|4|1
1006|9|||||||||||||0|7|1
1006|10|81|126|315|372|255|19.61539|1079|6304|31459|243|132.5405|37641.5|0|13|1
1010|3|742|3801|3524|10599|2025.5|56.26389|670|13218|13965|9753|142.9904|22306.5|33|3|2
1010|4|5132|25881|44679|99530|20795|71.21575|1103|7658.25|14529.75|10487|142.2992|16944.5|288|4|2
1010|5|||||||||||||17|0|0
1010|6|||||||||||||9|0|0
1011|8|2|3|43|0|46|46|17|15|200|118|22.28572|156|||
1012|10|4|27|141|1|167.5|83.75|55.5|92|654.5|59.5|42.33464|716.75|0|2|1
1013|10|4|0|65|0|65|65|4|0|64|0|64|64|||
1014|10|4|0|64|0|64|64|4|0|65|0|65|65|||
1016|8|||||||||||||0|19|1
1023|9|||||||||||||0|3|1
1023|10|||||||||||||0|5|1
1024|8|398|6678|8481|4461|12928.5|263.8469|40|321|1030|15|149.2778|1343.5|10|39|2
1024|9|879|11153|19050|12697|23854.5|193.939|140.75|943.5|1972.75|792|83.29981|2520.25|34|89|2
1024|10|15|149|104|0|253|50.6|26|119|241|0|36|360|0|5|1
1029|5|||||||||||||0|3|1
1029|6|||||||||||||0|5|1
1029|7|||||||||||||2|19|2
1029|8|863|6438|8166|554|14327|188.5132|40|321|1030|15|149.2778|1343.5|66|10|2
1029|9|||||||||||||16|0|0
1031|6|16|176|64|0|240|30|4|6|20|0|13|26|8|0|0
1031|7|||||||||||||6|0|0
1031|8|||||||||||||2|0|0
1038|6|||||||||||||0|4|1
1038|7|||||||||||||0|4|1
1038|9|||||||||||||0|5|1
1039|5|||||||||||||0|2|1
1039|6|8|66|168|0|234|117|46|308|1085|1643|35.71875|571.5|0|2|1
1039|8|||||||||||||0|3|1
1041|10|11|19|73|0|92|23|12|21|76|0|24.25|97|0|4|1
1042|9|||||||||||||0|6|1
1042|10|12|21|76|0|97|24.25|11|19|73|0|23|92|0|4|1
1048|8|||||||||||||8|0|0
1049|3|||||||||||||5|2|2
1049|4|||||||||||||2|0|0
1049|5|||||||||||||18|0|0
1049|6|||||||||||||8|0|0
1049|7|||||||||||||8|5|2
1049|9|||||||||||||7|0|0
1049|10|||||||||||||4|0|0
1050|2|||||||||||||4|0|0
1050|3|||||||||||||16|0|0
1050|4|40|65|407|30|457|38.08333|761|9192|15269|1807|142.7727|23557.5|3|9|2
1050|10|||||||||||||0|2|1
1051|3|||||||||||||0|2|1
1051|10|||||||||||||0|8|1
1052|5|||||||||||||0|3|1
1052|7|||||||||||||0|24|1
1052|9|||||||||||||0|11|1
1052|10|8|20|77|0|97|24.25|27|536|116|65|36.44118|619.5|0|4|1
1054|3|28|32|247|0|279|19.92857|131|208|2263|215|42.20536|2363.5|0|14|1
1054|4|||||||||||||0|5|1
1054|7|31|17|908|574|638|106.3333|1055.5|18182|18547.5|5116|154.8475|34171.5|2|4|2
1055|2|||||||||||||0|3|1
1055|3|||||||||||||6|0|0
1056|5|||||||||||||3|2|2
1056|6|||||||||||||32|3|2
1056|7|||||||||||||10|0|0
1057|7|||||||||||||0|12|1
1059|6|||||||||||||0|3|1
1060|3|||||||||||||15|0|0
1060|4|||||||||||||9|0|0
1060|5|15|18|138|0|156|31.2|4|4|58|0|62|62|0|5|1
1060|6|||||||||||||0|5|1
1070|7|||||||||||||0|3|1
1079|2|||||||||||||0|3|1
1079|4|||||||||||||0|4|1
1079|6|||||||||||||0|2|1
1079|7|18|568|1424|0|1992|398.4|479|2665.5|4746.5|3327.5|280.5677|5748.25|0|5|1
1080|6|44|143|690|185|740.5|82.27778|770.5|4767.5|7130|3053.5|88.12577|10370.75|0|9|1
1080|7|16|104|304|170|323|161.5|127|249.5|2141.5|931|86.83334|1925.5|0|2|1
1082|10|||||||||||||0|3|1
1094|3|||||||||||||3|2|2
1094|6|||||||||||||0|5|1
1094|7|||||||||||||0|6|1
1094|8|||||||||||||0|3|1
1098|6|||||||||||||0|3|1
1100|10|||||||||||||0|3|1
1105|7|||||||||||||2|0|0
1105|8|||||||||||||0|4|1
1114|4|||||||||||||0|8|1
1114|5|16|294|473|2|766|85.11111|559|4473|7364|3612|99.31683|10031|6|3|2
1114|6|411|2753|7557|412|10104|97.15385|1477|9235|13363|5316|114.5977|19940|31|73|2
1114|7|169|1061|3669|353|4553.5|63.24306|625|6648|7493|1261|84.97169|13510.5|6|66|2
1114|8|83|1207|708|605|1612.5|70.1087|100|235|1109|257|41.91379|1215.5|0|23|1
1115|9|||||||||||||7|0|0
1116|10|22|20|469|90|444|55.5|758|6138|11257|441|104.0879|17174.5|6|2|2
1118|9|||||||||||||0|5|1
1118|10|||||||||||||0|4|1
1120|3|252|737|3487|26|4211|323.9231|670|13218|13965|9753|142.9904|22306.5|13|0|0
1120|4|273|3114|2898|72|5976|229.8462|761|9192|15269|1807|142.7727|23557.5|12|14|2
1120|5|740|11195|7269|55|18436.5|384.0938|559|4473|7364|3612|99.31683|10031|48|0|0
1120|6|200|2037|4426|2342|5292|196|1310.5|13347|11156|10643.5|183.4804|19181.25|25|2|2
1120|7|||||||||||||2|10|2
1120|8|||||||||||||0|6|1
1120|9|||||||||||||0|4|1
1123|2|129|38407|555|1316|38304|1008|269.5|44016|6331.5|6495.5|650.0015|47099.75|31|7|2
1123|3|228|21592|1614|1050|22681|310.6986|587.5|15701|11963|8808|179.5912|23260|70|3|2
1123|4|||||||||||||5|0|0
1124|6|16|4|73|8|73|10.42857|546|2802.5|4093|5475|59.563|4158|3|4|2
1124|7|6|9|64|0|73|24.33333|18|1|47|206|-9.166667|-55|0|3|1
1125|9|||||||||||||0|4|1
1125|10|||||||||||||0|2|1
1128|9|2|2|2|0|4|2|1|1|1|0|2|2|0|2|1
1129|9|1|1|1|0|2|2|2|2|2|0|2|4|||
1131|9|||||||||||||0|3|1
1133|9|||||||||||||0|2|1
1134|2|||||||||||||0|3|1
1134|5|||||||||||||0|4|1
1135|5|||||||||||||0|2|1
1136|4|||||||||||||0|4|1
1138|6|||||||||||||0|4|1
1138|7|||||||||||||0|3|1
1140|6|15|90|756|5|843.5|168.7|16|96|820|4|152.3333|914|5|0|0
1141|4|||||||||||||9|12|2
1141|5|||||||||||||7|0|0
1141|6|16|96|820|4|914|152.3333|15|90|756|5|168.7|843.5|6|0|0
1141|7|||||||||||||7|4|2
1143|5|58|22|663|17|676.5|37.58333|257|129|788|1515|3.625|159.5|0|18|1
1148|7|50|13|227|443|18.5|2.642857|153|2295|1802|2865|106.58|2664.5|0|7|1
1148|8|||||||||||||0|3|1
1150|7|||||||||||||0|2|1
1157|9|2|0|2|0|2|1|455|8106|3027|75|149.9392|11095.5|0|2|1
1160|6|||||||||||||0|3|1
1161|5|61|152|673|14|818|58.42857|161|819|336|46|45.28|1132|0|14|1
1161|6|||||||||||||0|2|1
1161|7|||||||||||||0|2|1
1163|5|||||||||||||0|4|1
1167|9|||||||||||||0|2|1
1168|3|54|1132|85|69|1182.5|295.625|1662|34233|12898|13708|225.0112|40277|4|0|0
1168|4|228|4706|518|77|5185.5|246.9286|1819|31334|6825|11026|291.4821|32646|11|10|2
1168|5|||||||||||||6|3|2
1169|4|||||||||||||0|2|1
1171|5|2|15|24|2|38|38|572|1393|3042|235|56.80921|4317.5|||
1171|6|46|308|1085|1643|571.5|35.71875|850|7803|6768|6560.667|92.26558|11290.67|11|5|2
1171|7|71|249|497|282|605|25.20833|722.25|5823|8579.5|5816.25|76.32859|11494.38|14|10|2
1175|5|||||||||||||0|11|1
1175|6|||||||||||||0|2|1
1177|5|4|4|58|0|62|62|15|18|138|0|31.2|156|||
1177|6|240|8574|2966|63|11508.5|575.425|121|5992.333|1177.333|14.66667|930.8448|7162.333|20|0|0
1177|7|117|4862|2340|18|7193|553.3077|187.75|2985.5|2258|440.75|473.946|5023.125|13|0|0
1179|9|||||||||||||0|6|1
1181|9|||||||||||||0|4|1
1191|3|9|20|126|7|142.5|142.5|79|1297.5|930.5|746|189.15|1855|||
1191|4|8|44|112|5|153.5|153.5|8|24|121|5|142.5|142.5|||
1191|5|95|187|1394|14|1574|92.58823|185|2372|7466.5|7708|98.85|5984.5|15|2|2
1191|6|134|1261|576|104|1785|357|296|3244|1146|0|548.75|4390|3|2|2
1191|7|180|1409|1158|41|2546.5|181.8929|625|6648|7493|1261|84.97169|13510.5|14|0|0
1191|8|||||||||||||4|0|0
1192|8|||||||||||||0|7|1
1196|5|||||||||||||7|0|0
1196|8|||||||||||||0|2|1
1196|9|||||||||||||0|2|1
1197|3|||||||||||||2|0|0
1203|3|||||||||||||14|0|0
1205|4|880|39|86|11833|-5791.5|-120.6563|761|9192|15269|1807|142.7727|23557.5|12|36|2
1205|5|350|0|17|5092|-2529|-168.6|559|4473|7364|3612|99.31683|10031|15|0|0
1205|7|8|174|106|4|278|92.66666|625|6648|7493|1261|84.97169|13510.5|0|3|1
1213|8|||||||||||||0|4|1
1213|9|||||||||||||0|2|1
1215|8|||||||||||||0|2|1
1215|9|||||||||||||0|2|1
1219|3|266|9666|2994|0|12660|333.1579|104|2902|4104|0|218.9375|7006|38|0|0
1219|4|194|6915|938|0|7853|373.9524|761|9192|15269|1807|142.7727|23557.5|21|0|0
1219|5|39|1148|164|4|1310|218.3333|123|305|1556|34|59.48387|1844|6|0|0
1219|6|106|36|438|396|276|9.857142|1477|9235|13363|5316|114.5977|19940|26|2|2
1219|7|||||||||||||2|0|0
1221|6|296|3244|1146|0|4390|548.75|134|1261|576|104|357|1785|8|0|0
1224|7|||||||||||||0|5|1
1226|8|||||||||||||0|4|1
1226|9|||||||||||||0|3|1
1229|9|||||||||||||0|5|1
1230|8|||||||||||||0|13|1
1230|9|||||||||||||0|4|1
1232|8|||||||||||||0|5|1
1232|9|||||||||||||0|11|1
1239|6|||||||||||||0|3|1
1241|1|||||||||||||0|2|1
1241|5|||||||||||||0|25|1
1241|6|45|24|712|7|732.5|40.69444|1477|9235|13363|5316|114.5977|19940|0|18|1
1241|7|||||||||||||0|2|1
1241|8|||||||||||||0|4|1
1248|7|||||||||||||0|2|1
1248|8|||||||||||||0|9|1
1252|3|101|271|2970|368|3057|132.913|670|13218|13965|9753|142.9904|22306.5|23|0|0
1252|4|36|90|677|46|744|57.23077|1|11|24|0|35|35|4|9|2
1252|7|202|229|3357|1348|2912|69.33334|346.5714|5288.857|5742.143|1807.857|89.73985|10127.07|17|25|2
1253|3|||||||||||||0|11|1
1253|4|||||||||||||0|8|1
1254|3|||||||||||||0|2|1
1254|4|||||||||||||0|2|1
1257|7|||||||||||||0|2|1
1257|8|||||||||||||0|3|1
1258|8|12|226|171|0|397|44.11111|44.5|492.5|725.5|273|60.55303|1081.5|7|2|2
1259|5|||||||||||||0|5|1
1259|6|2|4|13|0|17|8.5|1477|9235|13363|5316|114.5977|19940|0|2|1
1259|8|82|858|1390|546|1975|89.77273|9.5|176.5|116|0|37.72222|292.5|12|10|2
1261|6|||||||||||||0|2|1
1263|7|||||||||||||0|3|1
1268|7|2|0|10|1|9.5|9.5|7|14|159|1|43.125|172.5|||
1278|6|||||||||||||0|3|1
1278|7|||||||||||||0|4|1
1279|3|||||||||||||0|4|1
1281|7|19|37|6|84|1|1|28|37|158|84|38.25|153|||
1282|5|||||||||||||0|8|1
1282|6|||||||||||||0|5|1
1282|7|28|37|158|84|153|38.25|19|37|6|84|1|1|0|4|1
1283|2|||||||||||||14|0|0
1283|3|||||||||||||28|0|0
1283|4|||||||||||||8|7|2
1292|4|||||||||||||0|5|1
1292|7|11|127|8|5|132.5|26.5|625|6648|7493|1261|84.97169|13510.5|0|5|1
1310|2|||||||||||||0|3|1
1310|3|86|305|147|883|10.5|1.5|122.6667|424|162.6667|1397.667|-31.54613|-112.1667|0|7|1
1310|4|||||||||||||0|11|1
1310|5|60|30|638|15|660.5|33.025|309.5|2429|4037|1812.5|79.89452|5559.75|0|20|1
1310|6|8|288|231|0|519|173|48|1165|1813|4|175.0588|2976|0|2|1
1310|7|20|476|668|48|1120|140|255.6667|2604.333|3241.667|471|61.87197|5610.5|2|6|2
1311|3|||||||||||||0|8|1
1311|4|||||||||||||5|0|0
1312|7|2|2|16|4|16|16|137|1164|2156|151|62.39423|3244.5|||
1313|2|||||||||||||0|4|1
1313|3|||||||||||||0|2|1
1313|5|||||||||||||0|3|1
1316|4|2|0|0|4|-2|-1|18|0|59|23|3.653846|47.5|0|2|1
1316|7|7|14|159|1|172.5|43.125|2|0|10|1|9.5|9.5|0|4|1
1319|5|||||||||||||0|5|1
1319|6|||||||||||||0|2|1
1321|3|||||||||||||3|0|0
1325|4|18|0|59|23|47.5|3.653846|2|0|0|4|-1|-2|0|13|1
1329|7|||||||||||||0|2|1
1330|3|73|1021|1033|413|1847.5|153.9583|802|12501|12853|4383|248.0989|23162.5|11|0|0
1330|4|23|71|349|9|415.5|46.16667|746.5|7935.5|17001.5|3793.5|200.8289|23040.25|2|7|2
1332|2|||||||||||||0|5|1
1332|3|18|26|157|3|181.5|18.15|131|208|2263|215|42.20536|2363.5|0|10|1
1332|4|77|684|1297|16|1973|61.65625|761|9192|15269|1807|142.7727|23557.5|5|27|2
1332|5|161|819|336|46|1132|45.28|61|152|673|14|58.42857|818|10|15|2
1332|6|||||||||||||0|11|1
1334|2|7|42|310|7|348.5|348.5|7|42|309|7|347.5|347.5|||
1334|5|17|113|421|2|533|266.5|345|4505|4692|1815|377.0584|8289.5|2|0|0
1334|6|15|807|152|2|958|958|196|8581.333|2115.333|35|803.3198|10679.17|||
1334|7|7|292|261|0|553|553|117|4862|2340|18|553.3077|7193|||
1339|6|454|14821|1029|26|15837|3167.4|502.5|5466.5|3625.5|1329|1773.816|8427.5|5|0|0
1344|2|293|4676|31498|8|36170|822.0455|76|486.5|3513.5|39.5|241.85|3980.25|44|0|0
1344|3|17|73|237|0|310|103.3333|424|3013|8521|1050|129.5177|11009|3|0|0
1347|3|92|3554|1216|12|4764|78.09836|340.5|6640|7152.5|5273.5|71.74519|11155.75|48|13|2
1347|4|||||||||||||3|0|0
1348|3|22|72|160|2|231|38.5|670|13218|13965|9753|142.9904|22306.5|0|6|1
1349|7|||||||||||||0|12|1
1360|3|||||||||||||29|8|2
1361|3|4|134|86|0|220|110|24|548.5|340|233|152.7222|772|2|0|0
1363|5|||||||||||||0|3|1
1363|7|||||||||||||0|2|1
1364|5|||||||||||||0|13|1
1364|6|155|979|1091|225|1957.5|36.93396|1477|9235|13363|5316|114.5977|19940|11|42|2
1365|6|||||||||||||5|0|0
1371|3|||||||||||||9|0|0
1371|4|||||||||||||2|0|0
1374|5|||||||||||||0|6|1
1374|6|16|42|57|0|99|14.14286|1477|9235|13363|5316|114.5977|19940|0|7|1
1374|7|||||||||||||0|2|1
1378|4|11|0|89|0|89|14.83333|291|2402|4399|177|268.5|6712.5|0|6|1
1379|2|||||||||||||0|2|1
1379|3|||||||||||||17|6|2
1379|4|||||||||||||4|3|2
1379|5|||||||||||||5|2|2
1379|6|||||||||||||4|0|0
1379|7|52|242|620|0|862|431|358|2742|3974|1657|78.5|5887.5|2|0|0
1383|6|||||||||||||16|0|0
1383|7|||||||||||||7|0|0
1385|6|11|3|319|0|322|107.3333|6|2|28|0|15|30|0|3|1
1386|6|6|2|28|0|30|15|11|3|319|0|107.3333|322|0|2|1
1388|4|||||||||||||0|2|1
1388|6|3|0|9|18|0|0|1477|9235|13363|5316|114.5977|19940|||
1391|5|2|0|4|1|3.5|3.5|8|0|12|5|3.166667|9.5|||
1393|6|||||||||||||8|0|0
1396|6|13|16|78|0|94|18.8|1477|9235|13363|5316|114.5977|19940|0|5|1
1400|2|21|2324|36|0|2360|590|251|7871|8760|11602|270.75|10830|4|0|0
1400|3|||||||||||||6|0|0
1400|4|108|14504|72|0|14576|1214.667|11|1455|9|0|1464|1464|12|0|0
1400|5|||||||||||||0|4|1
1406|2|162|1609|1777|0|3386|376.2222|183|2637|2262|4|349.7857|4897|9|0|0
1406|3|||||||||||||4|4|2
1406|5|||||||||||||0|4|1
1409|2|||||||||||||15|2|2
1409|3|164|3938|1422|1364|4678|95.46939|70|3549|8037.5|19897.5|30.89437|1637.75|49|0|0
1409|4|||||||||||||6|0|0
1409|5|3|0|39|98|-10|-10|6|0|81|199|-9.25|-18.5|||
1410|6|||||||||||||10|0|0
1416|6|||||||||||||0|2|1
1418|6|4|0|16|0|16|4|1477|9235|13363|5316|114.5977|19940|0|4|1
1421|6|||||||||||||0|4|1
1423|5|||||||||||||0|4|1
1425|2|||||||||||||16|0|0
1425|3|505|18184|9961|7863|24213.5|216.192|945|27912.5|7256|7379|267.8549|31479|109|3|2
1425|4|||||||||||||2|6|2
1425|5|||||||||||||0|11|1
1427|5|||||||||||||0|2|1
1431|2|||||||||||||4|0|0
1431|3|||||||||||||7|0|0
1431|4|23|15|162|20|167|41.75|22|0|98|221|-1.25|-12.5|0|3|1
1434|3|||||||||||||0|3|1
1434|5|||||||||||||0|4|1
1435|3|24|11|270|3|279.5|27.95|670|13218|13965|9753|142.9904|22306.5|0|10|1
1435|4|10|4|149|0|153|51|761|9192|15269|1807|142.7727|23557.5|0|3|1
1437|5|||||||||||||0|6|1
1439|5|||||||||||||0|3|1
1442|2|482|14095|7654|1847|20825.5|140.7128|300|1299|6010|1089|150.3222|6764.5|147|0|0
1442|3|2656|17249|29044|17344|37621|70.98302|580.6667|7504|10071.67|3700|153.5481|15725.67|514|16|2
1442|4|491|8008|3703|2158|10632|120.8182|2114.5|11622|19641.5|34077.75|55.65133|14224.63|78|10|2
1447|5|||||||||||||0|2|1
1448|4|||||||||||||0|8|1
1448|5|39|63|43|175|18.5|2.3125|559|4473|7364|3612|99.31683|10031|0|8|1
1449|4|||||||||||||0|4|1
1452|4|||||||||||||0|10|1
1453|5|6|4|18|2|21|10.5|169|262|1813|946|45.77143|1602|0|2|1
1457|3|86|5378|11697|28393|2878.5|52.33636|109|2829|2900|6383|52.46088|2537.5|46|9|2
1458|3|||||||||||||0|5|1
1458|5|8|16|44|10|55|27.5|228.5|2457.5|8141.5|7710|131.3941|6744|2|0|0
1459|1|||||||||||||5|0|0
1459|2|165|1387|2183|0|3570|324.5454|183|2637|2262|4|349.7857|4897|10|0|0
1459|3|18|266|314|0|580|64.44444|17|482.5|226|233|175.5|592|4|5|2
1459|4|8|24|121|5|142.5|142.5|8|44|112|5|153.5|153.5|||
1460|5|6|0|81|199|-18.5|-9.25|3|0|39|98|-10|-10|2|0|0
1461|4|1|0|5|0|5|5|3|0|43|0|21.5|43|||
1465|3|46|45|294|92|293|36.625|670|13218|13965|9753|142.9904|22306.5|0|8|1
1465|5|||||||||||||0|2|1
1466|4|||||||||||||0|3|1
1466|5|||||||||||||0|5|1
1467|3|38|54|586|98|591|45.46154|138|36|2469|61|60.35366|2474.5|0|13|1
1467|4|13|18|119|22|126|12.6|86|406|660|327|30.08333|902.5|0|10|1
1468|2|42|52|1039|0|1091|51.95238|128|3939.5|4440.5|5801|167.625|5479.5|0|21|1
1468|3|9|20|9|42|8|2.666667|670|13218|13965|9753|142.9904|22306.5|0|3|1
1471|3|30|831|366|466|964|241|39.75|546|505.25|258.25|113.5611|922.125|4|0|0
1472|2|7|8|120|0|128|32|183|2637|2262|4|349.7857|4897|4|0|0
1472|3|128|1764|1495|1026|2746|137.3|19.5|425.5|246|236.5|191.75|553.25|20|0|0
1475|5|||||||||||||0|3|1
1476|3|||||||||||||0|10|1
1478|4|||||||||||||0|5|1
1478|5|2|1|18|0|19|19|120|233|1855|51|62.5|2062.5|||
1481|2|||||||||||||0|7|1
1481|3|2|13|25|0|38|38|1345|19842|21110|5726|260.8836|38089|||
1484|3|||||||||||||0|3|1
1484|4|1|11|24|0|35|35|36|90|677|46|57.23077|744|||
1488|3|||||||||||||9|11|2
1488|4|47|1862|1211|296|2925|172.0588|124|577|1715|65|39.64035|2259.5|11|6|2
1490|3|||||||||||||0|2|1
1490|4|||||||||||||0|16|1
1491|4|11|1455|9|0|1464|1464|108|14504|72|0|1214.667|14576|||
1492|4|||||||||||||0|8|1
1493|4|2|0|0|2|-1|-.5|1|0|0|1|-.5|-.5|0|2|1
1494|4|||||||||||||0|2|1
1496|4|||||||||||||0|15|1
1502|3|||||||||||||0|7|1
1505|4|||||||||||||0|10|1
1506|4|||||||||||||0|4|1
1510|3|||||||||||||0|2|1
1520|3|3|6|31|0|37|37|85|235|253|585|12.21875|195.5|||
1521|3|||||||||||||7|0|0
1523|3|245|887|199|3164|-496|-70.85714|69.66666|230|145.3333|637.3333|-7.427083|56.66667|0|7|1
1524|4|||||||||||||6|0|0
1525|4|||||||||||||0|2|1
1526|3|||||||||||||13|0|0
1526|4|||||||||||||58|0|0
1531|3|||||||||||||0|11|1
1533|4|1|0|0|13|-6.5|-6.5|10|2|229|26|54.5|218|||
1534|4|||||||||||||0|3|1
1536|4|1|0|0|1|-.5|-.5|2|0|0|2|-.5|-1|||
1537|4|2|10|69|0|79|79|86|406|660|327|30.08333|902.5|||
1538|3|||||||||||||15|0|0
1538|4|||||||||||||4|0|0
1541|3|||||||||||||0|2|1
1546|4|||||||||||||0|2|1
1547|3|||||||||||||0|8|1
1548|3|||||||||||||0|11|1
1549|4|||||||||||||0|2|1
1553|3|||||||||||||0|10|1
1553|4|||||||||||||0|3|1
1555|2|||||||||||||4|0|0
1562|3|11|10|118|18|119|29.75|11|57.5|89|15.5|34.6875|138.75|0|4|1
1563|3|||||||||||||0|2|1
1567|3|||||||||||||0|7|1
1571|2|||||||||||||7|0|0
1571|3|11|62|340|794|5|.5|90|2345.5|1128|435|77.04918|3256|10|0|0
1573|2|183|2637|2262|4|4897|349.7857|111.3333|1001.333|1360|0|244.2559|2361.333|14|0|0
1574|3|||||||||||||10|0|0
1585|3|||||||||||||0|5|1
1589|3|||||||||||||0|2|1
1595|3|4|0|20|2|19|9.5|670|13218|13965|9753|142.9904|22306.5|0|2|1
1597|3|38|150|36|444|-36|-36|138.6667|475.6667|199.6667|1544|-19.04613|-96.66666|||
1598|3|||||||||||||0|2|1
1604|2|23|452|456|0|908|75.66666|300|1299|6010|1089|150.3222|6764.5|0|11|1
1604|3|25|50|258|8|304|25.33333|670|13218|13965|9753|142.9904|22306.5|0|12|1
1605|3|8|8|4|4|10|2.5|11|10|118|18|29.75|119|0|4|1
1607|2|10|582|659|0|1241|248.2|127.5|4065.5|4507|5801|263.875|5672|5|0|0
1607|3|5|258|250|1|507.5|253.75|340.5|6902.5|7239.5|4876.5|209.1202|11703.75|2|0|0
1608|2|4|260|254|0|514|257|130.5|4226.5|4709.5|5801|259.475|6035.5|2|0|0
1609|3|11|587|514|0|1101|275.25|337.5|6738|7107.5|4877|198.3702|11407|4|0|0
1614|3|5|21|54|0|75|75|490|13737|6787|5025|113.9968|18011.5|||
1618|3|||||||||||||0|5|1
1620|3|||||||||||||0|2|1
1624|2|||||||||||||0|2|1
1628|2|||||||||||||0|4|1
1635|1|||||||||||||0|6|1
1635|2|189|36|36|1328|-592|-148|269|31|16|1364|-90.71429|-635|3|0|0
1636|2|90|683|5323|27|5992.5|352.5|177.5|2483|16601|30|476.6227|19069|5|12|2
1642|2|||||||||||||0|2|1
1643|2|||||||||||||0|3|1
